日期,股票代码,开盘,收盘,最高,最低,成交量,成交额,振幅,涨跌幅,涨跌额,换手率
2017-08-02,002890,15.31,18.37,18.37,15.31,99,180772.0,23.98,43.97,5.61,0.06
2017-08-03,002890,20.21,20.21,20.21,20.21,24,48504.0,0.0,10.02,1.84,0.01
2017-08-04,002890,22.23,22.23,22.23,22.23,38,84474.0,0.0,10.0,2.02,0.02
2017-08-07,002890,24.45,24.45,24.45,24.45,111,271395.0,0.0,9.99,2.22,0.07
2017-08-08,002890,26.9,26.9,26.9,26.9,121,325490.0,0.0,10.02,2.45,0.07
2017-08-09,002890,29.59,29.59,29.59,29.59,346,1023814.0,0.0,10.0,2.69,0.21
2017-08-10,002890,32.55,31.08,32.55,30.5,96593,302768720.0,6.93,5.04,1.49,57.94
2017-08-11,002890,30.01,31.1,32.16,30.0,60773,187934374.0,6.95,0.06,0.02,36.46
2017-08-14,002890,31.0,32.35,33.98,30.52,53756,171594365.0,11.13,4.02,1.25,32.25
2017-08-15,002890,32.37,34.96,35.39,32.05,63296,213022475.0,10.32,8.07,2.61,37.97
2017-08-16,002890,34.0,34.03,35.96,33.6,51462,177475712.0,6.75,-2.66,-0.93,30.87
2017-08-17,002890,33.75,33.45,35.0,33.36,37786,128678498.0,4.82,-1.7,-0.58,22.67
2017-08-18,002890,33.38,34.8,35.04,33.01,40442,138176250.0,6.07,4.04,1.35,24.26
2017-08-21,002890,34.58,35.89,36.49,34.22,45382,162144307.0,6.52,3.13,1.09,27.22
2017-08-22,002890,36.39,34.98,36.88,34.9,47939,171530653.0,5.52,-2.54,-0.91,28.76
2017-08-23,002890,34.77,38.48,38.48,34.76,63764,235955309.0,10.63,10.01,3.5,38.25
2017-08-24,002890,38.0,37.5,41.45,37.5,73538,286873200.0,10.27,-2.55,-0.98,44.11
2017-08-25,002890,36.3,39.41,40.86,36.3,59070,227913534.0,12.16,5.09,1.91,35.44
2017-08-28,002890,39.61,43.01,43.35,39.6,69002,283478256.0,9.52,9.13,3.6,41.39
2017-08-29,002890,41.58,42.08,46.6,40.8,75475,328583712.0,13.49,-2.16,-0.93,45.28
2017-08-30,002890,40.75,39.86,42.29,39.0,48798,197219660.0,7.82,-5.28,-2.22,29.27
2017-08-31,002890,39.85,41.23,41.79,39.1,38591,158031055.0,6.75,3.44,1.37,23.15
2017-09-01,002890,41.23,40.47,42.38,40.2,33015,135322123.0,5.29,-1.84,-0.76,19.81
2017-09-04,002890,40.0,37.37,40.0,37.0,39255,151004518.0,7.41,-7.66,-3.1,23.55
2017-09-05,002890,37.62,38.58,38.73,37.6,22471,85985547.0,3.02,3.24,1.21,13.48
2017-09-06,002890,38.01,38.27,38.5,37.16,18752,70823378.0,3.47,-0.8,-0.31,11.25
2017-09-07,002890,37.91,38.31,39.2,37.9,21092,81438419.0,3.4,0.1,0.04,12.65
2017-09-08,002890,38.13,37.67,38.49,37.13,17689,66745109.0,3.55,-1.67,-0.64,10.61
2017-09-11,002890,37.61,39.0,39.05,37.61,21550,83325874.0,3.82,3.53,1.33,12.93
2017-09-12,002890,39.0,38.58,40.16,38.5,25330,99696765.0,4.26,-1.08,-0.42,15.2
2017-09-13,002890,37.93,39.01,39.01,37.58,19259,73571165.0,3.71,1.11,0.43,11.55
2017-09-14,002890,38.61,38.35,39.09,38.0,15146,58520243.0,2.79,-1.69,-0.66,9.09
2017-09-15,002890,38.53,37.37,38.55,37.22,13509,50977106.0,3.47,-2.56,-0.98,8.1
2017-09-18,002890,37.0,36.95,37.43,36.61,10669,39365492.0,2.19,-1.12,-0.42,6.4
2017-09-19,002890,37.33,37.56,38.0,37.08,12258,46034388.0,2.49,1.65,0.61,7.35
2017-09-20,002890,37.69,40.0,40.45,37.55,44030,173381631.0,7.72,6.5,2.44,26.41
2017-09-21,002890,39.79,38.63,39.95,38.5,25923,101036702.0,3.63,-3.43,-1.37,15.55
2017-09-22,002890,38.59,38.83,38.92,36.88,20892,79540836.0,5.28,0.52,0.2,12.53
2017-09-25,002890,38.42,38.31,39.12,38.15,15079,58379855.0,2.5,-1.34,-0.52,9.05
2017-09-26,002890,38.12,37.0,38.31,36.2,18905,69941096.0,5.51,-3.42,-1.31,11.34
2017-09-27,002890,36.7,37.14,37.34,36.7,10700,39635287.0,1.73,0.38,0.14,6.42
2017-09-28,002890,36.99,37.1,37.42,36.83,8419,31250909.0,1.59,-0.11,-0.04,5.05
2017-09-29,002890,37.08,37.2,37.37,36.94,6906,25673393.0,1.16,0.27,0.1,4.14
2017-10-09,002890,37.63,37.7,37.85,37.21,8760,32910412.0,1.72,1.34,0.5,5.25
2017-10-10,002890,37.11,38.93,38.97,37.11,18614,71500215.0,4.93,3.26,1.23,11.17
2017-10-11,002890,40.2,38.2,40.2,37.9,14857,57517685.0,5.91,-1.88,-0.73,8.91
2017-10-12,002890,38.25,38.37,38.73,37.82,11025,42334614.0,2.38,0.45,0.17,6.61
2017-10-13,002890,38.49,39.55,40.05,38.18,24793,97537981.0,4.87,3.08,1.18,14.87
2017-10-16,002890,39.36,38.09,39.4,37.78,16023,61810429.0,4.1,-3.69,-1.46,9.61
2017-10-17,002890,38.07,38.84,38.89,37.58,12230,46991225.0,3.44,1.97,0.75,7.34
2017-10-18,002890,38.84,37.28,39.28,36.98,17116,65267752.0,5.92,-4.02,-1.56,10.27
2017-10-19,002890,37.15,36.43,37.28,36.26,14245,52232940.0,2.74,-2.28,-0.85,8.55
2017-10-20,002890,36.2,36.98,37.17,36.2,8668,32014438.0,2.66,1.51,0.55,5.2
2017-10-23,002890,37.57,39.17,40.59,37.57,27827,109537354.0,8.17,5.92,2.19,16.69
2017-10-24,002890,39.25,40.2,40.2,38.55,30407,119840915.0,4.21,2.63,1.03,18.24
2017-10-25,002890,39.82,42.26,43.25,39.66,49060,202919492.0,8.93,5.12,2.06,29.43
2017-10-26,002890,41.75,42.02,42.47,41.14,30484,127611928.0,3.15,-0.57,-0.24,18.29
2017-10-27,002890,42.1,42.6,43.15,41.32,25444,107585039.0,4.36,1.38,0.58,15.26
2017-10-30,002890,42.21,40.43,42.45,39.18,25021,101828769.0,7.68,-5.09,-2.17,15.01
2017-10-31,002890,41.04,41.49,41.49,40.11,18556,76051871.0,3.41,2.62,1.06,11.13
2017-11-01,002890,41.12,42.25,44.0,40.7,38369,162841776.0,7.95,1.83,0.76,23.02
2017-11-02,002890,42.19,43.52,45.98,41.79,58256,255710528.0,9.92,3.01,1.27,34.95
2017-11-03,002890,42.91,40.55,43.5,40.05,43405,181452776.0,7.93,-6.82,-2.97,26.04
2017-11-06,002890,40.83,41.42,41.72,40.5,25042,103073268.0,3.01,2.15,0.87,15.02
2017-11-07,002890,41.26,40.94,41.6,40.3,23889,97319178.0,3.14,-1.16,-0.48,14.33
2017-11-08,002890,40.87,41.33,41.96,40.7,29133,120510143.0,3.08,0.95,0.39,17.48
2017-11-09,002890,41.0,41.66,41.8,40.5,20960,86172718.0,3.15,0.8,0.33,12.57
2017-11-10,002890,41.69,43.54,43.99,41.36,39897,171782587.0,6.31,4.51,1.88,23.93
2017-11-13,002890,43.5,43.5,45.3,42.67,44409,194500195.0,6.04,-0.09,-0.04,26.64
2017-11-14,002890,43.99,44.47,46.58,43.99,51095,230589406.0,5.95,2.23,0.97,30.65
2017-11-15,002890,43.3,45.5,46.1,42.77,49469,220905512.0,7.49,2.32,1.03,29.68
2017-11-16,002890,45.11,42.44,45.39,41.68,38146,166619159.0,8.15,-6.73,-3.06,22.88
2017-11-17,002890,41.98,38.2,42.39,38.2,31779,126682326.0,9.87,-9.99,-4.24,19.06
2017-11-20,002890,38.21,39.18,39.35,37.2,15804,60782415.0,5.63,2.57,0.98,9.48
2017-11-21,002890,38.89,38.12,39.1,36.6,16768,63635521.0,6.38,-2.71,-1.06,10.06
2017-11-22,002890,37.6,37.5,38.79,37.3,12299,46501540.0,3.91,-1.63,-0.62,7.38
2017-11-23,002890,37.01,36.23,37.85,36.22,11536,42671745.0,4.35,-3.39,-1.27,6.92
2017-11-24,002890,36.19,36.0,36.6,36.0,6797,24641549.0,1.66,-0.63,-0.23,4.08
2017-11-27,002890,36.0,34.2,36.0,33.86,9532,33481445.0,5.94,-5.0,-1.8,5.72
2017-11-28,002890,34.31,35.09,35.13,34.22,7587,26409233.0,2.66,2.6,0.89,4.55
2017-11-29,002890,35.15,34.42,35.19,33.8,8698,29803689.0,3.96,-1.91,-0.67,5.22
2017-11-30,002890,34.35,34.75,35.2,34.12,7529,26241260.0,3.14,0.96,0.33,4.52
2017-12-01,002890,34.5,35.22,35.42,34.5,7931,27799053.0,2.65,1.35,0.47,4.76
2017-12-04,002890,35.0,32.21,35.05,31.85,15298,51040727.0,9.09,-8.55,-3.01,9.18
2017-12-05,002890,32.3,31.07,32.7,30.51,8933,28255776.0,6.8,-3.54,-1.14,5.36
2017-12-06,002890,31.09,31.89,31.99,30.8,8110,25494203.0,3.83,2.64,0.82,4.87
2017-12-07,002890,32.01,31.95,32.2,31.59,5747,18359650.0,1.91,0.19,0.06,3.45
2017-12-08,002890,32.1,32.72,33.15,31.85,6837,22313044.0,4.07,2.41,0.77,4.1
2017-12-11,002890,32.46,32.99,33.14,32.46,4327,14235763.0,2.08,0.83,0.27,2.6
2017-12-12,002890,32.99,32.54,33.96,32.31,8412,27995656.0,5.0,-1.36,-0.45,5.05
2017-12-13,002890,32.18,33.03,33.15,31.85,5987,19468912.0,4.0,1.51,0.49,3.59
2017-12-14,002890,33.03,33.38,33.43,32.76,4979,16469255.0,2.03,1.06,0.35,2.99
2017-12-15,002890,33.2,32.73,33.35,32.31,5304,17377321.0,3.12,-1.95,-0.65,3.18
2017-12-18,002890,32.83,32.43,32.9,32.1,2532,8219546.0,2.44,-0.92,-0.3,1.52
2017-12-19,002890,32.3,33.04,33.12,32.21,4964,16352205.0,2.81,1.88,0.61,2.98
2017-12-20,002890,33.85,32.7,33.85,32.53,5316,17649803.0,4.0,-1.03,-0.34,3.19
2017-12-21,002890,32.65,32.75,32.98,32.2,4595,14988610.0,2.39,0.15,0.05,2.76
2017-12-22,002890,32.73,32.26,32.82,32.2,4888,15869000.0,1.89,-1.5,-0.49,2.93
2017-12-25,002890,32.24,31.87,32.25,31.0,5556,17551740.0,3.87,-1.21,-0.39,3.33
2017-12-26,002890,31.8,33.4,33.91,31.51,12740,42328877.0,7.53,4.8,1.53,7.64
2017-12-27,002890,33.7,33.66,34.5,32.9,14595,48999972.0,4.79,0.78,0.26,8.76
2017-12-28,002890,33.45,33.71,34.19,33.1,8785,29624586.0,3.24,0.15,0.05,5.27
2017-12-29,002890,33.78,34.07,34.2,33.55,7017,23813348.0,1.93,1.07,0.36,4.21
2018-01-02,002890,34.4,34.03,34.6,33.72,5194,17663298.0,2.58,-0.12,-0.04,3.12
2018-01-03,002890,34.04,33.72,34.04,33.47,6174,20791244.0,1.67,-0.91,-0.31,3.7
2018-01-04,002890,33.53,33.6,33.99,33.42,4607,15497944.0,1.69,-0.36,-0.12,2.76
2018-01-05,002890,33.56,33.38,33.74,33.35,4986,16702081.0,1.16,-0.65,-0.22,2.99
2018-01-08,002890,33.5,33.93,33.95,33.1,7031,23587140.0,2.55,1.65,0.55,4.22
2018-01-09,002890,33.98,34.4,34.52,33.81,9984,34245435.0,2.09,1.39,0.47,5.99
2018-01-10,002890,34.42,33.2,34.42,32.6,8643,28825457.0,5.29,-3.49,-1.2,5.18
2018-01-11,002890,33.11,33.6,33.75,32.61,5483,18371828.0,3.43,1.2,0.4,3.29
2018-01-12,002890,33.59,33.49,33.74,33.11,4152,13894409.0,1.88,-0.33,-0.11,2.49
2018-01-15,002890,33.16,31.87,33.23,31.8,5745,18626308.0,4.27,-4.84,-1.62,3.45
2018-01-16,002890,31.87,32.64,32.92,31.65,5866,19071289.0,3.98,2.42,0.77,3.52
2018-01-17,002890,32.64,33.59,33.88,32.49,7938,26513076.0,4.26,2.91,0.95,4.76
2018-01-18,002890,33.18,33.97,34.34,33.18,7380,24987944.0,3.45,1.13,0.38,4.43
2018-01-19,002890,33.65,33.24,34.3,33.18,7924,26811815.0,3.3,-2.15,-0.73,4.75
2018-01-22,002890,32.9,32.98,33.63,31.98,5789,18998166.0,4.96,-0.78,-0.26,3.47
2018-01-23,002890,32.96,33.11,33.32,32.61,4482,14814560.0,2.15,0.39,0.13,2.69
2018-01-24,002890,33.4,33.75,33.91,32.9,6383,21436178.0,3.05,1.93,0.64,3.83
2018-01-25,002890,34.0,33.34,34.0,33.32,6323,21310399.0,2.01,-1.21,-0.41,3.79
2018-01-26,002890,33.11,33.43,34.4,33.11,12101,40916035.0,3.87,0.27,0.09,7.26
2018-01-29,002890,33.13,32.7,33.43,32.2,7214,23624792.0,3.68,-2.18,-0.73,4.33
2018-01-30,002890,32.7,32.35,32.74,31.9,4291,13845955.0,2.57,-1.07,-0.35,2.57
2018-01-31,002890,32.25,30.94,32.25,30.53,7982,24855195.0,5.32,-4.36,-1.41,4.79
2018-02-01,002890,30.9,29.1,31.15,28.71,7552,22487360.0,7.89,-5.95,-1.84,4.53
2018-02-02,002890,29.01,28.38,29.01,27.1,4871,13749234.0,6.56,-2.47,-0.72,2.92
2018-02-05,002890,27.99,28.0,28.63,27.76,3750,10599114.0,3.07,-1.34,-0.38,2.25
2018-02-06,002890,27.6,25.75,27.74,25.73,5479,14645233.0,7.18,-8.04,-2.25,3.29
2018-02-07,002890,26.63,26.3,26.94,25.22,5881,15505143.0,6.68,2.14,0.55,3.53
2018-02-08,002890,26.5,26.78,26.98,26.4,3794,10167359.0,2.21,1.83,0.48,2.28
2018-02-09,002890,26.0,25.95,26.45,25.57,3704,9625081.0,3.29,-3.1,-0.83,2.22
2018-02-12,002890,26.2,26.94,27.29,26.2,4379,11770675.0,4.2,3.82,0.99,2.63
2018-02-13,002890,27.03,26.82,27.28,26.66,4213,11351880.0,2.3,-0.45,-0.12,2.53
2018-02-14,002890,26.81,26.89,27.0,26.51,2522,6756608.0,1.83,0.26,0.07,1.51
2018-02-22,002890,27.46,27.13,27.46,26.89,3024,8191938.0,2.12,0.89,0.24,1.81
2018-02-23,002890,27.15,27.48,27.57,26.76,3983,10831603.0,2.99,1.29,0.35,2.39
2018-02-26,002890,27.71,28.61,28.73,27.71,5954,16854128.0,3.71,4.11,1.13,3.57
2018-02-27,002890,28.78,28.48,28.8,28.3,4023,11506857.0,1.75,-0.45,-0.13,2.41
2018-02-28,002890,28.21,27.72,28.22,27.69,5279,14711952.0,1.86,-2.67,-0.76,3.17
2018-03-01,002890,27.5,28.26,28.29,27.5,4655,13072517.0,2.85,1.95,0.54,2.79
2018-03-02,002890,28.23,27.85,28.39,27.71,4366,12229658.0,2.41,-1.45,-0.41,2.62
2018-03-05,002890,27.86,28.47,28.58,27.4,5420,15254396.0,4.24,2.23,0.62,3.25
2018-03-06,002890,28.47,28.83,29.14,28.47,5804,16730850.0,2.35,1.26,0.36,3.48
2018-03-07,002890,28.74,28.94,29.15,28.59,3972,11466619.0,1.94,0.38,0.11,2.38
2018-03-08,002890,28.96,30.06,30.06,28.63,7593,22450619.0,4.94,3.87,1.12,4.55
2018-03-09,002890,30.16,30.51,30.7,29.83,7077,21464435.0,2.89,1.5,0.45,4.25
2018-03-12,002890,30.51,30.68,31.46,30.35,7483,23064982.0,3.64,0.56,0.17,4.49
2018-03-13,002890,30.86,30.16,30.89,30.0,5121,15513974.0,2.9,-1.69,-0.52,3.07
2018-03-14,002890,30.02,30.01,30.59,29.99,4047,12238675.0,1.99,-0.5,-0.15,2.43
2018-03-15,002890,29.7,28.26,29.82,27.7,9716,27786034.0,7.06,-5.83,-1.75,5.83
2018-03-16,002890,28.33,28.48,28.98,27.81,4873,13913688.0,4.14,0.78,0.22,2.92
2018-03-19,002890,28.32,29.23,29.49,28.32,6006,17510132.0,4.11,2.63,0.75,3.6
2018-03-20,002890,29.0,29.98,30.18,28.8,6263,18558459.0,4.72,2.57,0.75,3.76
2018-03-21,002890,29.9,29.7,30.89,29.51,7458,22638200.0,4.6,-0.93,-0.28,4.47
2018-03-22,002890,29.89,29.98,30.63,29.76,5135,15507893.0,2.93,0.94,0.28,3.08
2018-03-23,002890,29.11,28.23,29.9,27.6,8087,23238412.0,7.67,-5.84,-1.75,4.85
2018-03-26,002890,27.76,29.43,29.8,27.15,7680,21845514.0,9.39,4.25,1.2,4.61
2018-03-27,002890,29.8,30.88,30.9,29.6,10953,33328800.0,4.42,4.93,1.45,6.57
2018-03-28,002890,30.8,31.0,31.59,30.02,10878,33812069.0,5.08,0.39,0.12,6.53
2018-03-29,002890,31.0,31.45,31.72,30.7,9081,28460315.0,3.29,1.45,0.45,5.45
2018-03-30,002890,31.45,33.09,33.28,31.45,16910,55281955.0,5.82,5.21,1.64,10.14
2018-04-02,002890,33.05,33.3,33.79,32.6,14216,47130054.0,3.6,0.63,0.21,8.53
2018-04-03,002890,32.88,33.88,34.1,32.52,13343,44713659.0,4.74,1.74,0.58,8.0
2018-04-04,002890,34.1,37.27,37.27,33.87,27334,97997681.0,10.04,10.01,3.39,16.4
2018-04-09,002890,35.0,37.5,38.6,34.67,37974,136830230.0,10.54,0.62,0.23,22.78
2018-04-10,002890,37.28,36.5,37.28,35.22,29196,105273739.0,5.49,-2.67,-1.0,17.51
2018-04-11,002890,36.05,38.9,40.15,35.55,42410,160233011.0,12.6,6.58,2.4,25.44
2018-04-12,002890,38.3,37.2,38.31,36.65,19099,71358285.0,4.27,-4.37,-1.7,11.46
2018-04-13,002890,36.98,37.15,37.9,36.6,12448,46106971.0,3.49,-0.13,-0.05,7.47
2018-04-16,002890,37.1,37.2,37.35,36.0,8740,32109432.0,3.63,0.13,0.05,5.24
2018-04-17,002890,37.5,38.18,38.99,36.66,22291,84587328.0,6.26,2.63,0.98,13.37
2018-04-18,002890,38.19,41.35,41.35,37.1,23328,90417179.0,11.13,8.3,3.17,13.99
2018-04-19,002890,40.28,38.99,42.2,37.22,88430,351180336.0,12.04,-5.71,-2.36,53.05
2018-04-20,002890,35.09,35.09,35.8,35.09,8886,31185555.0,1.82,-10.0,-3.9,5.33
2018-04-23,002890,31.58,35.11,35.49,31.58,45713,149029396.0,11.14,0.06,0.02,27.42
2018-04-24,002890,33.4,33.87,34.95,33.03,39148,132621443.0,5.47,-3.53,-1.24,23.48
2018-04-25,002890,33.45,32.47,33.51,32.3,17648,57732413.0,3.57,-4.13,-1.4,10.59
2018-04-26,002890,32.48,35.68,35.69,32.25,28295,94731858.0,10.59,9.89,3.21,16.97
2018-04-27,002890,34.77,34.02,34.77,33.14,14474,49304944.0,4.57,-4.65,-1.66,8.68
2018-05-02,002890,34.02,36.15,36.79,33.62,28773,101291405.0,9.32,6.26,2.13,17.26
2018-05-03,002890,36.15,36.12,36.9,35.15,25078,90419661.0,4.84,-0.08,-0.03,15.04
2018-05-04,002890,36.5,37.15,37.89,35.4,19259,70849661.0,6.89,2.85,1.03,11.55
2018-05-07,002890,36.21,36.02,37.01,36.0,38178,138586594.0,2.72,-3.04,-1.13,22.9
2018-05-08,002890,35.61,35.8,35.9,35.02,12973,46093374.0,2.44,-0.61,-0.22,7.78
2018-05-09,002890,35.5,35.0,37.5,35.0,19449,69505632.0,6.98,-2.23,-0.8,11.67
2018-05-10,002890,35.2,34.91,35.25,34.65,8639,30180691.0,1.71,-0.26,-0.09,5.18
2018-05-11,002890,37.0,33.77,38.0,33.75,25035,89412675.0,12.17,-3.27,-1.14,15.02
2018-05-14,002890,33.5,35.57,35.9,33.12,26874,93806643.0,8.23,5.33,1.8,16.12
2018-05-15,002890,35.4,36.6,36.99,34.8,21624,77429132.0,6.16,2.9,1.03,12.97
2018-05-16,002890,36.3,38.25,38.49,36.1,38479,144406275.0,6.53,4.51,1.65,23.08
2018-05-17,002890,37.78,41.75,42.0,37.65,55684,221867549.0,11.37,9.15,3.5,33.4
2018-05-18,002890,41.0,43.55,43.55,40.0,52793,222455049.0,8.5,4.31,1.8,31.67
2018-05-21,002890,43.3,41.4,43.3,39.95,82143,337215984.0,7.69,-4.94,-2.15,49.28
2018-05-22,002890,41.5,37.78,41.5,37.3,71592,273378304.0,10.14,-8.74,-3.62,42.95
2018-05-23,002890,36.89,36.31,37.25,35.8,36127,132157592.0,3.84,-3.89,-1.47,21.67
2018-05-24,002890,36.18,36.09,36.86,36.0,20321,74071047.0,2.37,-0.61,-0.22,12.19
2018-05-25,002890,36.1,35.32,36.57,35.28,21033,75368681.0,3.57,-2.13,-0.77,12.62
2018-05-28,002890,35.32,35.79,35.9,34.65,19625,69482982.0,3.54,1.33,0.47,11.77
2018-05-29,002890,35.59,36.75,36.78,35.31,27383,99677733.0,4.11,2.68,0.96,16.43
2018-05-30,002890,36.16,33.08,36.58,33.08,25126,86223951.0,9.52,-9.99,-3.67,15.07
2018-05-31,002890,33.2,33.5,33.79,32.77,15944,53146379.0,3.08,1.27,0.42,9.56
2018-06-01,002890,34.77,33.8,35.05,33.55,18003,61914417.0,4.48,0.9,0.3,10.8
2018-06-04,002890,33.11,33.13,33.8,32.32,14626,48283888.0,4.38,-1.98,-0.67,8.77
2018-06-05,002890,33.2,34.16,34.37,33.14,14563,49281705.0,3.71,3.11,1.03,8.74
2018-06-06,002890,34.16,34.94,35.47,33.81,19254,67316028.0,4.86,2.28,0.78,11.55
2018-06-07,002890,34.99,34.15,35.3,34.03,14588,50192484.0,3.63,-2.26,-0.79,8.75
2018-06-08,002890,33.8,33.58,34.16,32.82,11598,38752393.0,3.92,-1.67,-0.57,6.96
2018-06-11,002890,33.2,33.68,34.09,33.2,7582,25530838.0,2.65,0.3,0.1,4.55
2018-06-12,002890,33.51,32.74,34.06,31.34,14261,46424051.0,8.08,-2.79,-0.94,8.55
2018-06-13,002890,32.7,31.52,32.79,31.32,10192,32763272.0,4.49,-3.73,-1.22,6.11
2018-06-14,002890,31.01,32.66,32.66,30.61,11748,37603339.0,6.5,3.62,1.14,7.05
2018-06-15,002890,32.36,31.08,32.4,30.81,12212,38482567.0,4.87,-4.84,-1.58,7.33
2018-06-19,002890,30.29,27.97,30.4,27.97,10574,30431459.0,7.82,-10.01,-3.11,6.34
2018-06-20,002890,27.24,28.41,28.66,27.24,10557,29779122.0,5.08,1.57,0.44,6.33
2018-06-21,002890,28.47,26.69,28.66,26.1,10265,28165499.0,9.01,-6.05,-1.72,6.16
2018-06-22,002890,26.0,27.08,27.7,26.0,7784,21023540.0,6.37,1.46,0.39,4.67
2018-06-25,002890,27.3,27.37,27.8,27.18,7011,19273752.0,2.29,1.07,0.29,4.21
2018-06-26,002890,26.98,28.1,28.29,26.98,8494,23646687.0,4.79,2.67,0.73,5.1
2018-06-27,002890,27.97,28.37,28.77,27.95,11262,32107217.0,2.92,0.96,0.27,6.76
2018-06-28,002890,28.44,28.27,28.8,28.03,8464,24124981.0,2.71,-0.35,-0.1,5.08
2018-06-29,002890,28.26,29.09,29.15,28.05,11421,32717625.0,3.89,2.9,0.82,6.85
2018-07-02,002890,29.3,28.12,29.3,27.88,10224,29250686.0,4.88,-3.33,-0.97,6.13
2018-07-03,002890,28.2,28.76,28.88,28.0,9446,26952408.0,3.13,2.28,0.64,5.67
2018-07-04,002890,28.2,27.38,28.68,26.91,10031,27901421.0,6.15,-4.8,-1.38,6.02
2018-07-05,002890,27.91,27.09,27.95,27.01,7905,21792597.0,3.43,-1.06,-0.29,4.74
2018-07-06,002890,28.4,29.41,29.8,28.01,33819,99312848.0,6.61,8.56,2.32,20.29
2018-07-09,002890,28.5,29.75,29.88,28.4,24885,72383834.0,5.03,1.16,0.34,14.93
2018-07-10,002890,29.4,29.49,29.7,29.03,17302,50654233.0,2.25,-0.87,-0.26,10.38
2018-07-11,002890,29.43,28.29,29.43,27.51,14926,42280615.0,6.51,-4.07,-1.2,8.95
2018-07-12,002890,28.01,29.04,29.32,28.01,14793,42845280.0,4.63,2.65,0.75,8.87
2018-07-13,002890,29.0,28.73,29.27,28.6,9677,27911926.0,2.31,-1.07,-0.31,5.81
2018-07-16,002890,28.31,28.55,28.73,28.15,6252,17776527.0,2.02,-0.63,-0.18,3.75
2018-07-17,002890,28.56,29.01,29.01,28.1,8620,24559306.0,3.19,1.61,0.46,5.17
2018-07-18,002890,29.01,28.49,29.5,28.4,8115,23362695.0,3.79,-1.79,-0.52,4.87
2018-07-19,002890,28.03,27.76,28.59,27.51,8195,22906454.0,3.79,-2.56,-0.73,4.92
2018-07-20,002890,27.73,28.2,28.4,27.55,6356,17829426.0,3.06,1.59,0.44,3.81
2018-07-23,002890,28.09,27.79,28.19,27.4,11802,32748437.0,2.8,-1.45,-0.41,7.08
2018-07-24,002890,27.61,28.38,28.57,27.56,14719,41458463.0,3.63,2.12,0.59,8.83
2018-07-25,002890,28.38,27.71,28.55,27.71,9797,27560750.0,2.96,-2.36,-0.67,5.88
2018-07-26,002890,27.8,27.13,28.36,26.91,8975,24471521.0,5.23,-2.09,-0.58,5.38
2018-07-27,002890,27.11,26.7,27.17,26.5,5672,15194693.0,2.47,-1.58,-0.43,3.4
2018-07-30,002890,26.67,26.09,27.11,25.9,6516,17190627.0,4.53,-2.28,-0.61,3.91
2018-07-31,002890,25.97,25.78,25.97,25.26,7586,19457075.0,2.72,-1.19,-0.31,4.55
2018-08-01,002890,25.77,25.0,26.0,24.89,7363,18790684.0,4.31,-3.03,-0.78,4.42
2018-08-02,002890,23.21,23.3,24.9,22.51,15511,36037273.0,9.56,-6.8,-1.7,3.93
2018-08-03,002890,22.85,22.18,23.0,22.1,11335,25695005.0,3.86,-4.81,-1.12,2.87
2018-08-06,002890,22.02,20.92,22.02,20.64,15289,32428209.0,6.22,-5.68,-1.26,3.87
2018-08-07,002890,20.93,21.4,21.45,20.33,17255,36514923.0,5.35,2.29,0.48,4.37
2018-08-08,002890,21.39,20.42,21.6,20.42,12538,26306640.0,5.51,-4.58,-0.98,3.17
2018-08-09,002890,20.44,21.15,21.35,20.35,11780,24792886.0,4.9,3.57,0.73,2.98
2018-08-10,002890,21.22,21.58,21.7,21.08,13200,28243640.0,2.93,2.03,0.43,3.34
2018-08-13,002890,21.24,21.49,21.63,20.9,10225,21752066.0,3.38,-0.42,-0.09,2.59
2018-08-14,002890,21.76,21.56,21.76,21.32,7758,16700926.0,2.05,0.33,0.07,1.96
2018-08-15,002890,21.35,20.99,21.8,20.9,8816,18767709.0,4.17,-2.64,-0.57,2.23
2018-08-16,002890,20.82,20.98,22.0,20.49,9754,20620827.0,7.19,-0.05,-0.01,2.47
2018-08-17,002890,21.18,20.25,21.37,20.09,9497,19718023.0,6.1,-3.48,-0.73,2.4
2018-08-20,002890,20.2,20.55,20.6,19.7,8168,16537567.0,4.44,1.48,0.3,2.07
2018-08-21,002890,20.55,20.6,20.9,20.21,5958,12265029.0,3.36,0.24,0.05,1.51
2018-08-22,002890,20.6,20.34,20.85,20.2,5510,11280656.0,3.16,-1.26,-0.26,1.39
2018-08-23,002890,20.48,20.57,20.7,20.16,6919,14194662.0,2.65,1.13,0.23,1.75
2018-08-24,002890,20.5,20.4,20.7,20.37,6256,12836917.0,1.6,-0.83,-0.17,1.58
2018-08-27,002890,20.47,20.93,21.08,20.39,8705,18090736.0,3.38,2.6,0.53,2.2
2018-08-28,002890,21.19,20.94,21.19,20.7,7258,15173931.0,2.34,0.05,0.01,1.84
2018-08-29,002890,20.8,20.83,20.98,20.72,4331,9009546.0,1.24,-0.53,-0.11,1.1
2018-08-30,002890,20.9,20.58,20.92,20.48,8009,16559815.0,2.11,-1.2,-0.25,2.03
2018-08-31,002890,20.5,20.35,20.69,20.2,3794,7765691.0,2.38,-1.12,-0.23,0.96
2018-09-03,002890,20.36,19.91,20.5,19.55,7200,14299390.0,4.67,-2.16,-0.44,1.82
2018-09-04,002890,19.92,20.28,20.39,19.81,7301,14744574.0,2.91,1.86,0.37,1.85
2018-09-05,002890,20.07,20.11,20.6,20.07,5819,11852115.0,2.61,-0.84,-0.17,1.47
2018-09-06,002890,20.01,20.05,20.43,19.98,4747,9575786.0,2.24,-0.3,-0.06,1.2
2018-09-07,002890,20.0,20.25,20.48,20.0,6629,13415363.0,2.39,1.0,0.2,1.68
2018-09-10,002890,20.25,19.81,20.27,19.8,6356,12690214.0,2.32,-2.17,-0.44,1.61
2018-09-11,002890,19.7,19.89,20.25,19.7,5333,10638290.0,2.78,0.4,0.08,1.35
2018-09-12,002890,20.0,19.89,20.24,19.75,7353,14721326.0,2.46,0.0,0.0,1.86
2018-09-13,002890,20.01,20.16,20.17,19.82,6076,12182973.0,1.76,1.36,0.27,1.54
2018-09-14,002890,20.22,20.19,20.42,20.07,8101,16392150.0,1.74,0.15,0.03,2.05
2018-09-17,002890,20.22,19.1,20.22,19.05,10873,21129806.0,5.79,-5.4,-1.09,2.75
2018-09-18,002890,19.05,19.36,19.43,18.93,7533,14429263.0,2.62,1.36,0.26,1.91
2018-09-19,002890,19.3,19.92,19.92,19.15,9610,18905216.0,3.98,2.89,0.56,2.43
2018-09-20,002890,19.95,19.81,19.99,19.65,6265,12418664.0,1.71,-0.55,-0.11,1.59
2018-09-21,002890,19.94,20.53,20.78,19.75,12497,25276285.0,5.2,3.63,0.72,3.16
2018-09-25,002890,20.25,19.94,20.4,19.9,10164,20438344.0,2.44,-2.87,-0.59,2.57
2018-09-26,002890,20.09,19.94,20.12,19.81,7715,15389283.0,1.55,0.0,0.0,1.95
2018-09-27,002890,20.45,19.76,21.0,19.75,20812,42567726.0,6.27,-0.9,-0.18,5.27
2018-09-28,002890,19.35,19.64,19.7,19.03,13473,26135046.0,3.39,-0.61,-0.12,3.41
2018-10-08,002890,19.2,18.4,19.2,18.33,12431,23287671.0,4.43,-6.31,-1.24,3.15
2018-10-09,002890,18.4,18.5,18.67,18.3,6740,12452749.0,2.01,0.54,0.1,1.71
2018-10-10,002890,18.54,18.75,18.85,18.47,8206,15352815.0,2.05,1.35,0.25,2.08
2018-10-11,002890,18.25,16.9,18.25,16.88,11544,20234098.0,7.31,-9.87,-1.85,2.92
2018-10-12,002890,16.77,16.78,16.95,15.85,12482,20713944.0,6.51,-0.71,-0.12,3.16
2018-10-15,002890,16.83,16.77,17.24,16.69,6615,11222755.0,3.28,-0.06,-0.01,1.67
2018-10-16,002890,16.78,16.79,17.04,16.64,6436,10832289.0,2.39,0.12,0.02,1.63
2018-10-17,002890,18.02,18.45,18.47,18.02,46324,85407185.0,2.68,9.89,1.66,11.73
2018-10-18,002890,17.59,17.28,17.79,17.0,31723,55482675.0,4.28,-6.34,-1.17,8.03
2018-10-19,002890,16.48,17.39,17.5,16.48,20470,34876595.0,5.9,0.64,0.11,5.18
2018-10-22,002890,17.69,18.19,18.4,17.5,24623,44384307.0,5.18,4.6,0.8,6.23
2018-10-23,002890,17.94,18.4,18.62,17.71,24239,44310554.0,5.0,1.15,0.21,6.14
2018-10-24,002890,18.29,18.42,18.99,18.02,19237,35719423.0,5.27,0.11,0.02,4.87
2018-10-25,002890,17.78,18.2,18.26,17.5,13974,25025001.0,4.13,-1.19,-0.22,3.54
2018-10-26,002890,18.33,18.34,18.6,18.0,10788,19849065.0,3.3,0.77,0.14,2.73
2018-10-29,002890,18.35,18.83,19.58,18.33,22615,42813581.0,6.82,2.67,0.49,5.72
2018-10-30,002890,18.86,18.86,19.14,18.08,19480,36099923.0,5.63,0.16,0.03,4.93
2018-10-31,002890,18.67,18.86,19.15,18.61,14953,28223835.0,2.86,0.0,0.0,3.79
2018-11-01,002890,18.95,18.87,19.18,18.77,13939,26387418.0,2.17,0.05,0.01,3.53
2018-11-02,002890,19.0,19.18,19.28,18.85,15596,29690465.0,2.28,1.64,0.31,3.95
2018-11-05,002890,19.29,19.02,19.75,18.71,24113,46301056.0,5.42,-0.83,-0.16,6.1
2018-11-06,002890,18.85,18.7,18.97,18.23,16812,31095240.0,3.89,-1.68,-0.32,4.26
2018-11-07,002890,18.65,18.55,18.89,18.45,10474,19610057.0,2.35,-0.8,-0.15,2.65
2018-11-08,002890,18.63,19.08,19.29,18.56,19890,37771349.0,3.94,2.86,0.53,5.03
2018-11-09,002890,19.01,19.11,19.19,18.85,15320,29167682.0,1.78,0.16,0.03,3.88
2018-11-12,002890,18.88,19.58,19.72,18.88,24088,46650933.0,4.4,2.46,0.47,6.1
2018-11-13,002890,19.23,20.17,20.2,19.23,27049,53615474.0,4.95,3.01,0.59,6.85
2018-11-14,002890,20.14,20.17,20.32,19.9,14950,30079478.0,2.08,0.0,0.0,3.78
2018-11-15,002890,20.58,21.04,21.44,20.22,28871,60127211.0,6.05,4.31,0.87,7.31
2018-11-16,002890,20.82,21.04,21.67,20.82,24057,51015433.0,4.04,0.0,0.0,6.09
2018-11-19,002890,21.02,21.25,21.35,20.76,15228,32153715.0,2.8,1.0,0.21,3.85
2018-11-20,002890,21.01,20.5,21.16,20.28,16602,34436443.0,4.14,-3.53,-0.75,4.2
2018-11-21,002890,20.32,20.62,21.1,20.25,11596,23913440.0,4.15,0.59,0.12,2.94
2018-11-22,002890,20.8,20.81,20.98,20.61,9433,19609240.0,1.79,0.92,0.19,2.39
2018-11-23,002890,20.68,19.27,20.97,19.27,16872,33449146.0,8.17,-7.4,-1.54,4.27
2018-11-26,002890,19.01,18.86,19.37,18.66,9711,18501571.0,3.68,-2.13,-0.41,2.46
2018-11-27,002890,19.0,19.21,19.78,18.9,7911,15183320.0,4.67,1.86,0.35,2.0
2018-11-28,002890,19.24,19.55,19.63,18.7,12064,23168563.0,4.84,1.77,0.34,3.05
2018-11-29,002890,19.7,19.03,19.87,18.88,10698,20726819.0,5.06,-2.66,-0.52,2.71
2018-11-30,002890,18.99,19.21,19.32,18.75,6147,11725141.0,3.0,0.95,0.18,1.56
2018-12-03,002890,19.59,19.94,20.07,19.5,13760,27236758.0,2.97,3.8,0.73,3.48
2018-12-04,002890,19.97,19.93,20.04,19.72,9727,19306612.0,1.6,-0.05,-0.01,2.46
2018-12-05,002890,19.5,19.61,19.75,19.17,8096,15774828.0,2.91,-1.61,-0.32,2.05
2018-12-06,002890,19.49,19.26,19.58,19.07,8014,15440173.0,2.6,-1.78,-0.35,2.03
2018-12-07,002890,19.31,20.5,20.98,19.26,27501,55127702.0,8.93,6.44,1.24,6.96
2018-12-10,002890,20.15,20.63,20.99,19.92,21153,43352172.0,5.22,0.63,0.13,5.35
2018-12-11,002890,20.44,20.26,20.58,20.1,13269,26938041.0,2.33,-1.79,-0.37,3.36
2018-12-12,002890,20.3,20.3,20.59,20.11,12747,25946134.0,2.37,0.2,0.04,3.23
2018-12-13,002890,20.87,20.31,21.0,20.0,19364,39666287.0,4.93,0.05,0.01,4.9
2018-12-14,002890,20.1,19.24,20.1,19.24,19431,38065042.0,4.23,-5.27,-1.07,4.92
2018-12-17,002890,18.88,19.24,19.28,18.88,6414,12254968.0,2.08,0.0,0.0,1.62
2018-12-18,002890,18.9,18.94,19.29,18.88,4871,9271399.0,2.13,-1.56,-0.3,1.23
2018-12-19,002890,18.99,18.46,19.14,18.26,7877,14733222.0,4.65,-2.53,-0.48,1.99
2018-12-20,002890,18.45,18.55,18.62,18.39,7276,13446587.0,1.25,0.49,0.09,1.84
2018-12-21,002890,18.46,18.57,18.65,18.32,4946,9154426.0,1.78,0.11,0.02,1.25
2018-12-24,002890,18.5,18.88,18.96,18.45,6238,11752217.0,2.75,1.67,0.31,1.58
2018-12-25,002890,18.58,18.86,18.9,18.3,10319,19145688.0,3.18,-0.11,-0.02,2.61
2018-12-26,002890,18.56,19.06,19.4,18.55,10875,20770801.0,4.51,1.06,0.2,2.75
2018-12-27,002890,19.21,18.5,19.37,18.5,7118,13526844.0,4.56,-2.94,-0.56,1.8
2018-12-28,002890,18.6,18.45,18.86,18.4,5151,9588302.0,2.49,-0.27,-0.05,1.3
2019-01-02,002890,18.51,18.51,18.77,18.47,5591,10408965.0,1.63,0.33,0.06,1.42
2019-01-03,002890,18.45,18.47,18.8,18.45,4000,7441167.0,1.89,-0.22,-0.04,1.01
2019-01-04,002890,18.34,18.77,18.85,17.8,8101,15028056.0,5.68,1.62,0.3,2.05
2019-01-07,002890,18.87,19.19,19.3,18.79,9719,18559997.0,2.72,2.24,0.42,2.46
2019-01-08,002890,19.03,19.14,19.19,18.79,7009,13324610.0,2.08,-0.26,-0.05,1.77
2019-01-09,002890,19.22,19.16,19.51,19.1,9797,18931466.0,2.14,0.1,0.02,2.48
2019-01-10,002890,19.18,18.98,19.32,18.94,6306,12064803.0,1.98,-0.94,-0.18,1.6
2019-01-11,002890,19.15,19.37,19.44,18.98,6286,12053444.0,2.42,2.05,0.39,1.59
2019-01-14,002890,19.37,19.0,19.49,18.92,6117,11692109.0,2.94,-1.91,-0.37,1.55
2019-01-15,002890,18.89,19.23,19.25,18.8,5943,11362808.0,2.37,1.21,0.23,1.5
2019-01-16,002890,19.21,19.31,19.48,19.21,5863,11339334.0,1.4,0.42,0.08,1.48
2019-01-17,002890,19.25,18.88,19.35,18.86,6185,11765066.0,2.54,-2.23,-0.43,1.57
2019-01-18,002890,18.95,18.97,19.1,18.7,4787,9069758.0,2.12,0.48,0.09,1.21
2019-01-21,002890,19.1,19.18,19.25,19.04,5519,10577356.0,1.11,1.11,0.21,1.4
2019-01-22,002890,19.13,19.02,19.24,18.91,4851,9249427.0,1.72,-0.83,-0.16,1.23
2019-01-23,002890,18.91,19.04,19.07,18.84,4537,8597443.0,1.21,0.11,0.02,1.15
2019-01-24,002890,19.04,19.14,19.2,18.83,6121,11669760.0,1.94,0.53,0.1,1.55
2019-01-25,002890,19.09,18.85,19.18,18.76,5949,11307673.0,2.19,-1.52,-0.29,1.51
2019-01-28,002890,18.86,18.39,19.0,18.35,7867,14685732.0,3.45,-2.44,-0.46,1.99
2019-01-29,002890,18.39,17.62,18.39,17.32,5409,9603037.0,5.82,-4.19,-0.77,1.37
2019-01-30,002890,17.62,17.16,17.68,17.12,5765,10056377.0,3.18,-2.61,-0.46,1.46
2019-01-31,002890,17.16,16.53,17.3,16.22,7554,12661977.0,6.29,-3.67,-0.63,1.91
2019-02-01,002890,16.7,17.13,17.17,16.62,6106,10356323.0,3.33,3.63,0.6,1.55
2019-02-11,002890,17.15,18.01,18.84,17.15,8423,15036494.0,9.87,5.14,0.88,2.13
2019-02-12,002890,18.17,18.18,18.25,17.85,6658,12035106.0,2.22,0.94,0.17,1.69
2019-02-13,002890,18.2,18.62,18.71,18.02,9522,17572278.0,3.8,2.42,0.44,2.41
2019-02-14,002890,18.61,18.75,18.86,18.4,6741,12617260.0,2.47,0.7,0.13,1.71
2019-02-15,002890,18.5,18.9,19.48,18.5,9139,17378483.0,5.23,0.8,0.15,2.31
2019-02-18,002890,18.91,19.3,19.37,18.91,10042,19280068.0,2.43,2.12,0.4,2.54
2019-02-19,002890,19.31,19.22,19.47,19.0,7401,14229306.0,2.44,-0.41,-0.08,1.87
2019-02-20,002890,19.6,19.21,19.88,19.12,10533,20445955.0,3.95,-0.05,-0.01,2.67
2019-02-21,002890,19.25,19.0,19.39,18.96,9196,17648819.0,2.24,-1.09,-0.21,2.33
2019-02-22,002890,19.09,19.25,19.28,18.94,8069,15452301.0,1.79,1.32,0.25,2.04
2019-02-25,002890,19.4,19.96,20.19,19.31,16191,32011134.0,4.57,3.69,0.71,4.1
2019-02-26,002890,19.97,20.1,20.47,19.73,16433,33051955.0,3.71,0.7,0.14,4.16
2019-02-27,002890,19.96,19.9,20.26,19.58,14561,29074879.0,3.38,-1.0,-0.2,3.69
2019-02-28,002890,19.88,20.11,20.37,19.66,11640,23379335.0,3.57,1.06,0.21,2.95
2019-03-01,002890,20.12,21.07,21.32,20.12,30326,62825301.0,5.97,4.77,0.96,7.68
2019-03-04,002890,20.96,20.87,21.28,20.7,25199,52684552.0,2.75,-0.95,-0.2,6.38
2019-03-05,002890,20.7,21.1,21.16,20.7,21641,45226421.0,2.2,1.1,0.23,5.48
2019-03-06,002890,21.12,21.29,21.3,20.84,16948,35732756.0,2.18,0.9,0.19,4.29
2019-03-07,002890,21.19,21.56,21.68,20.9,24517,52441883.0,3.66,1.27,0.27,6.21
2019-03-08,002890,21.21,20.16,21.37,20.09,20853,43607969.0,5.94,-6.49,-1.4,5.28
2019-03-11,002890,20.29,21.54,21.58,20.28,19947,41883595.0,6.45,6.85,1.38,5.05
2019-03-12,002890,21.74,21.9,22.14,21.59,21177,46309370.0,2.55,1.67,0.36,5.36
2019-03-13,002890,21.93,21.62,22.12,21.21,18137,39638270.0,4.16,-1.28,-0.28,4.59
2019-03-14,002890,21.69,20.6,21.82,20.43,14242,29833492.0,6.43,-4.72,-1.02,3.61
2019-03-15,002890,20.7,20.87,21.09,20.49,11056,23040901.0,2.91,1.31,0.27,2.8
2019-03-18,002890,21.09,21.57,21.67,21.09,12276,26242049.0,2.78,3.35,0.7,3.11
2019-03-19,002890,21.61,21.88,22.49,21.42,15515,34041584.0,4.96,1.44,0.31,3.93
2019-03-20,002890,21.91,22.1,22.47,21.2,17470,38111130.0,5.8,1.01,0.22,4.42
2019-03-21,002890,22.1,22.0,22.42,21.98,18683,41487033.0,1.99,-0.45,-0.1,4.73
2019-03-22,002890,22.1,22.23,22.25,21.78,13562,29881019.0,2.14,1.05,0.23,3.43
2019-03-25,002890,21.88,21.63,21.95,21.6,12828,27924399.0,1.57,-2.7,-0.6,3.25
2019-03-26,002890,21.73,20.9,21.99,20.85,11128,23894060.0,5.27,-3.37,-0.73,2.82
2019-03-27,002890,20.94,21.36,21.38,20.66,10066,21177235.0,3.44,2.2,0.46,2.55
2019-03-28,002890,21.27,21.55,22.04,21.12,10355,22457768.0,4.31,0.89,0.19,2.62
2019-03-29,002890,21.5,21.99,21.99,20.9,12712,27329454.0,5.06,2.04,0.44,3.22
2019-04-01,002890,22.08,22.63,22.63,21.93,17582,39354622.0,3.18,2.91,0.64,4.45
2019-04-02,002890,22.63,22.73,23.65,22.35,20715,47226920.0,5.74,0.44,0.1,5.24
2019-04-03,002890,22.76,23.13,23.38,22.55,14735,33860448.0,3.65,1.76,0.4,3.73
2019-04-04,002890,23.13,23.06,23.19,22.65,13577,31193737.0,2.33,-0.3,-0.07,3.44
2019-04-08,002890,23.0,22.74,23.24,22.46,11056,25287390.0,3.38,-1.39,-0.32,2.8
2019-04-09,002890,22.75,23.3,23.3,22.75,11568,26660488.0,2.42,2.46,0.56,2.93
2019-04-10,002890,23.64,22.96,23.64,22.79,13482,31056659.0,3.65,-1.46,-0.34,3.41
2019-04-11,002890,23.0,22.53,23.0,22.21,8664,19650983.0,3.44,-1.87,-0.43,2.19
2019-04-12,002890,21.9,22.08,22.3,21.9,13819,30517319.0,1.78,-2.0,-0.45,3.5
2019-04-15,002890,22.15,21.72,22.49,21.5,10082,22481015.0,4.48,-1.63,-0.36,2.55
2019-04-16,002890,21.74,22.17,22.22,21.02,10628,23080004.0,5.52,2.07,0.45,2.69
2019-04-17,002890,22.23,22.28,22.43,22.03,9396,20893734.0,1.8,0.5,0.11,2.38
2019-04-18,002890,22.27,22.14,22.57,22.14,7031,15719082.0,1.93,-0.63,-0.14,1.78
2019-04-19,002890,22.34,22.61,22.7,22.16,10005,22463112.0,2.44,2.12,0.47,2.53
2019-04-22,002890,22.68,22.13,22.84,21.99,8067,18110890.0,3.76,-2.12,-0.48,2.04
2019-04-23,002890,22.26,21.2,22.26,21.18,9018,19555466.0,4.88,-4.2,-0.93,2.28
2019-04-24,002890,21.32,21.73,21.93,21.1,8937,19252654.0,3.92,2.5,0.53,2.26
2019-04-25,002890,21.76,20.59,22.09,20.53,11389,24530137.0,7.18,-5.25,-1.14,2.88
2019-04-26,002890,20.84,20.41,20.84,20.18,10536,21544730.0,3.21,-0.87,-0.18,2.67
2019-04-29,002890,20.29,19.32,20.46,19.27,12130,23957790.0,5.83,-5.34,-1.09,3.07
2019-04-30,002890,19.39,19.56,19.85,19.11,8723,17088260.0,3.83,1.24,0.24,2.21
2019-05-06,002890,19.01,17.95,19.02,17.72,10720,19732306.0,6.65,-8.23,-1.61,2.71
2019-05-07,002890,18.17,18.33,18.48,18.0,7214,13184996.0,2.67,2.12,0.38,1.83
2019-05-08,002890,18.02,18.43,18.63,18.02,4792,8839661.0,3.33,0.55,0.1,1.21
2019-05-09,002890,18.44,18.42,18.76,18.18,4648,8636596.0,3.15,-0.05,-0.01,1.18
2019-05-10,002890,18.55,19.07,19.08,18.23,6222,11726163.0,4.61,3.53,0.65,1.58
2019-05-13,002890,18.96,19.25,19.34,18.65,5211,9944742.0,3.62,0.94,0.18,1.32
2019-05-14,002890,19.19,18.99,19.25,18.86,6087,11613805.0,2.03,-1.35,-0.26,1.54
2019-05-15,002890,19.0,19.46,19.54,19.0,5568,10759689.0,2.84,2.47,0.47,1.41
2019-05-16,002890,19.46,19.55,19.59,19.38,4311,8403612.0,1.08,0.46,0.09,1.09
2019-05-17,002890,19.65,18.73,19.86,18.65,9327,18068650.0,6.19,-4.19,-0.82,2.36
2019-05-20,002890,18.7,18.98,19.19,18.38,5030,9428123.0,4.32,1.33,0.25,1.27
2019-05-21,002890,18.86,19.36,19.49,18.86,5296,10180378.0,3.32,2.0,0.38,1.34
2019-05-22,002890,19.34,19.38,19.52,19.24,5459,10583861.0,1.45,0.1,0.02,1.38
2019-05-23,002890,19.25,19.05,19.46,18.85,4747,9094760.0,3.15,-1.7,-0.33,1.2
2019-05-24,002890,19.0,18.95,19.23,18.76,3904,7411536.0,2.47,-0.52,-0.1,0.99
2019-05-27,002890,19.15,19.51,19.57,18.92,6238,12055517.0,3.43,2.96,0.56,1.58
2019-05-28,002890,19.44,19.6,19.68,19.44,6731,13186112.0,1.23,0.46,0.09,1.7
2019-05-29,002890,19.43,19.7,19.91,19.41,4920,9711408.0,2.55,0.51,0.1,1.25
2019-05-30,002890,19.61,19.97,20.05,19.35,9093,17868354.0,3.55,1.37,0.27,2.3
2019-05-31,002890,19.81,20.26,20.46,19.71,6838,13730225.0,3.76,1.45,0.29,1.73
2019-06-03,002890,20.28,19.92,20.35,19.71,5899,11799810.0,3.16,-1.68,-0.34,1.49
2019-06-04,002890,19.93,19.63,19.93,19.35,4860,9544494.0,2.91,-1.46,-0.29,1.23
2019-06-05,002890,19.85,19.86,20.0,19.55,4057,8044111.0,2.29,1.17,0.23,1.03
2019-06-06,002890,19.94,19.51,19.94,19.11,5209,10081031.0,4.18,-1.76,-0.35,1.32
2019-06-10,002890,19.71,19.75,19.75,19.42,4550,8927050.0,1.69,1.23,0.24,1.15
2019-06-11,002890,19.75,20.37,21.14,19.65,14966,30227568.0,7.54,3.14,0.62,3.79
2019-06-12,002890,20.36,20.1,20.36,20.0,9455,19047264.0,1.77,-1.33,-0.27,2.39
2019-06-13,002890,20.07,20.57,20.58,19.91,11266,22821476.0,3.33,2.34,0.47,2.85
2019-06-14,002890,20.55,20.5,20.61,20.07,11637,23684380.0,2.63,-0.34,-0.07,2.95
2019-06-17,002890,20.22,20.67,20.75,20.18,9801,20072989.0,2.78,0.83,0.17,2.48
2019-06-18,002890,20.56,21.8,22.45,20.5,27369,58586145.0,9.43,5.47,1.13,6.93
2019-06-19,002890,22.12,21.74,22.13,21.45,23455,50930383.0,3.12,-0.28,-0.06,5.94
2019-06-20,002890,21.46,20.43,21.46,19.88,35790,72940335.0,7.27,-6.03,-1.31,9.06
2019-06-21,002890,20.76,21.12,21.68,20.65,35460,74451692.0,5.04,3.38,0.69,8.98
2019-06-24,002890,21.0,22.42,22.9,20.55,52408,113655564.0,11.13,6.16,1.3,13.27
2019-06-25,002890,21.55,21.13,22.0,21.01,28980,61743473.0,4.42,-5.75,-1.29,7.34
2019-06-26,002890,20.6,20.83,20.96,20.53,14006,29117504.0,2.04,-1.42,-0.3,3.55
2019-06-27,002890,20.82,20.86,21.11,20.55,13039,27164560.0,2.69,0.14,0.03,3.3
2019-06-28,002890,20.87,20.38,20.9,20.31,10605,21806898.0,2.83,-2.3,-0.48,2.68
2019-07-01,002890,20.65,20.78,20.88,20.51,15892,32894661.0,1.82,1.96,0.4,4.07
2019-07-02,002890,20.68,20.74,21.21,20.65,10494,21941348.0,2.69,-0.19,-0.04,2.69
2019-07-03,002890,20.78,20.26,20.78,20.22,8131,16555417.0,2.7,-2.31,-0.48,2.08
2019-07-04,002890,20.3,20.25,20.51,20.22,8149,16572460.0,1.43,-0.05,-0.01,2.09
2019-07-05,002890,20.3,20.45,20.55,20.23,5893,12034616.0,1.58,0.99,0.2,1.51
2019-07-08,002890,20.4,19.68,20.63,19.5,7381,14701868.0,5.53,-3.77,-0.77,1.89
2019-07-09,002890,19.88,19.84,19.96,19.66,3682,7289335.0,1.52,0.81,0.16,0.94
2019-07-10,002890,19.72,19.83,20.04,19.72,3638,7232685.0,1.61,-0.05,-0.01,0.93
2019-07-11,002890,19.89,19.9,20.17,19.75,2957,5914709.0,2.12,0.35,0.07,0.76
2019-07-12,002890,20.06,19.91,20.15,19.9,3237,6479151.0,1.26,0.05,0.01,0.83
2019-07-15,002890,19.91,19.98,20.14,19.65,2863,5698389.0,2.46,0.35,0.07,0.73
2019-07-16,002890,19.91,19.96,20.06,19.9,2995,5982757.0,0.8,-0.1,-0.02,0.77
2019-07-17,002890,19.96,20.1,20.35,19.93,4145,8341465.0,2.1,0.7,0.14,1.06
2019-07-18,002890,20.03,19.6,20.04,19.59,4302,8476584.0,2.24,-2.49,-0.5,1.1
2019-07-19,002890,19.69,19.7,20.05,19.6,3150,6245352.0,2.3,0.51,0.1,0.81
2019-07-22,002890,19.76,19.11,19.77,18.85,5628,10745800.0,4.67,-2.99,-0.59,1.44
2019-07-23,002890,18.88,19.38,19.4,18.79,4500,8660808.0,3.19,1.41,0.27,1.15
2019-07-24,002890,19.5,19.84,20.0,19.45,6950,13771144.0,2.84,2.37,0.46,1.78
2019-07-25,002890,19.94,19.75,19.99,19.71,2838,5626745.0,1.41,-0.45,-0.09,0.73
2019-07-26,002890,19.75,19.8,19.96,19.65,2839,5626685.0,1.57,0.25,0.05,0.73
2019-07-29,002890,19.87,19.52,19.94,19.45,5556,10909933.0,2.47,-1.41,-0.28,1.42
2019-07-30,002890,19.58,19.72,19.87,19.58,3878,7653508.0,1.49,1.02,0.2,0.99
2019-07-31,002890,19.62,19.44,19.64,19.31,4251,8278067.0,1.67,-1.42,-0.28,1.09
2019-08-01,002890,19.4,19.41,19.55,19.15,4392,8504563.0,2.06,-0.15,-0.03,1.12
2019-08-02,002890,19.23,19.06,19.35,18.84,5400,10270882.0,2.63,-1.8,-0.35,1.38
2019-08-05,002890,18.86,19.05,19.34,18.85,4272,8186162.0,2.57,-0.05,-0.01,1.09
2019-08-06,002890,18.92,18.48,18.92,18.0,8031,14823595.0,4.83,-2.99,-0.57,2.06
2019-08-07,002890,18.5,18.44,18.84,18.32,5958,11080756.0,2.81,-0.22,-0.04,1.53
2019-08-08,002890,18.34,18.52,18.67,18.34,3893,7198948.0,1.79,0.43,0.08,1.0
2019-08-09,002890,18.53,18.34,18.71,18.32,4061,7509084.0,2.11,-0.97,-0.18,1.04
2019-08-12,002890,18.33,18.5,18.57,18.21,2847,5240939.0,1.96,0.87,0.16,0.73
2019-08-13,002890,18.45,18.32,18.51,18.26,2701,4957420.0,1.35,-0.97,-0.18,0.69
2019-08-14,002890,18.56,18.59,18.88,18.38,5987,11151168.0,2.73,1.47,0.27,1.53
2019-08-15,002890,18.19,18.8,18.87,18.16,5039,9308454.0,3.82,1.13,0.21,1.29
2019-08-16,002890,18.62,18.77,19.1,18.62,4037,7626138.0,2.55,-0.16,-0.03,1.03
2019-08-19,002890,18.96,19.28,19.35,18.84,4254,8145373.0,2.72,2.72,0.51,1.09
2019-08-20,002890,19.13,19.33,19.44,19.13,2299,4441798.0,1.61,0.26,0.05,0.59
2019-08-21,002890,19.33,19.33,19.65,19.19,3950,7671902.0,2.38,0.0,0.0,1.01
2019-08-22,002890,19.3,19.42,19.53,19.2,2953,5728504.0,1.71,0.47,0.09,0.76
2019-08-23,002890,19.4,19.45,19.64,19.36,2652,5167858.0,1.44,0.15,0.03,0.68
2019-08-26,002890,19.29,19.25,19.48,19.02,2656,5105596.0,2.37,-1.03,-0.2,0.68
2019-08-27,002890,19.1,19.6,19.7,19.1,4130,8082988.0,3.12,1.82,0.35,1.06
2019-08-28,002890,19.62,19.6,19.77,19.41,3481,6824240.0,1.84,0.0,0.0,0.89
2019-08-29,002890,20.6,19.5,20.6,19.46,4874,9595174.0,5.82,-0.51,-0.1,1.25
2019-08-30,002890,19.45,19.04,19.7,18.82,4910,9472548.0,4.51,-2.36,-0.46,1.26
2019-09-02,002890,18.92,19.53,19.63,18.92,3723,7231944.0,3.73,2.57,0.49,0.95
2019-09-03,002890,19.53,19.65,19.66,19.4,2549,4982479.0,1.33,0.61,0.12,0.65
2019-09-04,002890,19.57,19.57,19.6,19.4,3309,6458388.0,1.02,-0.41,-0.08,0.85
2019-09-05,002890,19.67,19.85,20.16,19.56,7440,14775987.0,3.07,1.43,0.28,1.91
2019-09-06,002890,19.75,20.0,20.24,19.75,6210,12451943.0,2.47,0.76,0.15,1.59
2019-09-09,002890,20.14,20.27,20.27,20.0,5118,10308092.0,1.35,1.35,0.27,1.31
2019-09-10,002890,20.17,20.2,20.31,20.07,2866,5783204.0,1.18,-0.35,-0.07,0.73
2019-09-11,002890,20.3,20.31,20.45,20.2,3335,6784656.0,1.24,0.54,0.11,0.85
2019-09-12,002890,20.43,20.29,20.43,20.09,3898,7902228.0,1.67,-0.1,-0.02,1.0
2019-09-16,002890,20.44,20.64,20.77,20.14,8001,16442717.0,3.1,1.72,0.35,2.05
2019-09-17,002890,20.59,20.69,20.74,19.92,10915,22207420.0,3.97,0.24,0.05,2.8
2019-09-18,002890,21.63,20.35,21.63,20.23,23010,48392943.0,6.77,-1.64,-0.34,5.89
2019-09-19,002890,19.94,20.32,20.34,19.9,10048,20224878.0,2.16,-0.15,-0.03,2.57
2019-09-20,002890,20.25,20.21,20.45,20.1,6688,13564493.0,1.72,-0.54,-0.11,1.71
2019-09-23,002890,20.16,20.32,20.43,19.95,6689,13537579.0,2.38,0.54,0.11,1.71
2019-09-24,002890,20.3,20.55,20.6,20.07,7340,15014447.0,2.61,1.13,0.23,1.88
2019-09-25,002890,20.54,20.24,20.55,20.18,4253,8659060.0,1.8,-1.51,-0.31,1.09
2019-09-26,002890,20.38,19.6,20.49,19.41,4995,9915714.0,5.34,-3.16,-0.64,1.28
2019-09-27,002890,19.6,19.82,19.93,19.32,3418,6750845.0,3.11,1.12,0.22,0.88
2019-09-30,002890,19.89,19.79,20.19,19.65,3216,6445750.0,2.72,-0.15,-0.03,0.82
2019-10-08,002890,19.79,20.18,20.47,19.79,4051,8210331.0,3.44,1.97,0.39,1.04
2019-10-09,002890,20.0,20.48,20.53,20.0,3701,7516583.0,2.63,1.49,0.3,0.95
2019-10-10,002890,20.39,20.64,20.78,20.39,3645,7524915.0,1.9,0.78,0.16,0.93
2019-10-11,002890,20.63,20.69,20.94,20.56,4611,9567003.0,1.84,0.24,0.05,1.18
2019-10-14,002890,20.75,20.89,21.02,20.75,4641,9706676.0,1.3,0.97,0.2,1.19
2019-10-15,002890,20.8,20.81,21.06,20.46,6295,13021456.0,2.87,-0.38,-0.08,1.61
2019-10-16,002890,20.83,20.44,20.92,20.2,6005,12280994.0,3.46,-1.78,-0.37,1.54
2019-10-17,002890,20.38,20.33,20.66,20.27,5375,10962859.0,1.91,-0.54,-0.11,1.38
2019-10-18,002890,20.28,20.01,20.45,19.93,5196,10489093.0,2.56,-1.57,-0.32,1.33
2019-10-21,002890,19.93,20.0,20.17,19.76,3898,7797561.0,2.05,-0.05,-0.01,1.0
2019-10-22,002890,19.87,20.59,20.6,19.87,5869,11905668.0,3.65,2.95,0.59,1.5
2019-10-23,002890,20.51,20.39,20.8,20.35,5164,10635038.0,2.19,-0.97,-0.2,1.32
2019-10-24,002890,20.57,20.54,20.6,20.34,3428,7015503.0,1.28,0.74,0.15,0.88
2019-10-25,002890,20.43,20.72,20.72,20.23,4106,8421907.0,2.39,0.88,0.18,1.05
2019-10-28,002890,20.55,20.98,21.11,20.55,6251,13076128.0,2.7,1.25,0.26,1.6
2019-10-29,002890,21.09,20.83,21.09,20.63,5425,11312240.0,2.19,-0.71,-0.15,1.39
2019-10-30,002890,20.57,20.7,20.83,20.31,6741,13882480.0,2.5,-0.62,-0.13,1.73
2019-10-31,002890,20.7,20.81,21.07,20.61,6178,12889639.0,2.22,0.53,0.11,1.58
2019-11-01,002890,20.65,21.15,21.17,20.32,8430,17558025.0,4.08,1.63,0.34,2.16
2019-11-04,002890,21.08,21.02,21.15,20.85,7363,15436691.0,1.42,-0.61,-0.13,1.89
2019-11-05,002890,21.07,20.86,21.2,20.8,5142,10795561.0,1.9,-0.76,-0.16,1.32
2019-11-06,002890,20.74,20.81,21.29,20.74,5720,12006911.0,2.64,-0.24,-0.05,1.46
2019-11-07,002890,20.72,21.08,21.12,20.66,5220,10949436.0,2.21,1.3,0.27,1.34
2019-11-08,002890,21.08,21.02,21.33,20.93,4590,9729020.0,1.9,-0.28,-0.06,1.18
2019-11-11,002890,20.92,20.3,20.92,20.17,6848,13971236.0,3.57,-3.43,-0.72,1.75
2019-11-12,002890,20.45,20.4,20.79,20.18,5346,10940641.0,3.0,0.49,0.1,1.37
2019-11-13,002890,20.55,21.18,21.28,20.49,10271,21659824.0,3.87,3.82,0.78,2.63
2019-11-14,002890,21.01,21.48,21.49,20.86,9721,20729533.0,2.97,1.42,0.3,2.49
2019-11-15,002890,21.47,20.69,21.47,20.66,6202,13045050.0,3.77,-3.68,-0.79,1.59
2019-11-18,002890,20.65,21.5,21.62,20.52,6328,13398661.0,5.32,3.91,0.81,1.62
2019-11-19,002890,21.51,21.85,21.85,21.43,9642,20924967.0,1.95,1.63,0.35,2.47
2019-11-20,002890,21.85,21.4,21.85,21.3,7283,15702584.0,2.52,-2.06,-0.45,1.87
2019-11-21,002890,21.28,21.92,21.96,21.26,7052,15349187.0,3.27,2.43,0.52,1.81
2019-11-22,002890,21.92,21.54,22.07,21.41,6769,14686035.0,3.01,-1.73,-0.38,1.73
2019-11-25,002890,21.38,22.18,22.2,21.38,12394,27222920.0,3.81,2.97,0.64,3.17
2019-11-26,002890,22.22,22.05,22.23,21.83,8615,18964955.0,1.8,-0.59,-0.13,2.21
2019-11-27,002890,22.1,21.95,22.1,21.2,7197,15599551.0,4.08,-0.45,-0.1,1.84
2019-11-28,002890,21.86,22.17,22.84,21.5,15944,35413216.0,6.1,1.0,0.22,4.08
2019-11-29,002890,22.54,22.52,22.65,21.96,11763,26308553.0,3.11,1.58,0.35,3.01
2019-12-02,002890,22.5,21.8,22.5,21.45,11883,25977365.0,4.66,-3.2,-0.72,3.04
2019-12-03,002890,21.61,21.9,22.0,21.37,7915,17242078.0,2.89,0.46,0.1,2.03
2019-12-04,002890,21.83,21.9,22.21,21.6,6715,14742983.0,2.79,0.0,0.0,1.72
2019-12-05,002890,22.14,21.78,22.14,21.61,5941,12945581.0,2.42,-0.55,-0.12,1.52
2019-12-06,002890,21.8,21.83,21.88,21.6,6535,14207143.0,1.29,0.23,0.05,1.67
2019-12-09,002890,21.73,21.36,21.94,21.15,7224,15535252.0,3.62,-2.15,-0.47,1.85
2019-12-10,002890,21.38,21.44,21.63,21.01,6991,14918173.0,2.9,0.37,0.08,1.79
2019-12-11,002890,21.44,21.57,21.7,21.25,6481,13885775.0,2.1,0.61,0.13,1.66
2019-12-12,002890,21.62,21.29,21.71,21.05,5828,12453447.0,3.06,-1.3,-0.28,1.49
2019-12-13,002890,21.26,21.62,21.65,21.2,4940,10628899.0,2.11,1.55,0.33,1.27
2019-12-16,002890,21.76,21.95,22.1,21.56,7246,15795453.0,2.5,1.53,0.33,1.86
2019-12-17,002890,21.83,22.07,22.11,21.81,7099,15573694.0,1.37,0.55,0.12,1.82
2019-12-18,002890,22.06,22.08,22.35,21.83,6170,13616189.0,2.36,0.05,0.01,1.58
2019-12-19,002890,22.09,22.15,22.32,22.01,6072,13433950.0,1.4,0.32,0.07,1.56
2019-12-20,002890,22.23,22.2,22.39,22.03,4511,10010457.0,1.63,0.23,0.05,1.16
2019-12-23,002890,21.98,22.3,22.74,21.88,9098,20299175.0,3.87,0.45,0.1,2.33
2019-12-24,002890,22.15,22.95,22.95,22.1,11413,25940595.0,3.81,2.91,0.65,2.92
2019-12-25,002890,22.71,23.81,24.46,22.71,21421,50552768.0,7.63,3.75,0.86,5.49
2019-12-26,002890,24.07,24.35,24.45,23.5,14494,34765419.0,3.99,2.27,0.54,3.71
2019-12-27,002890,24.35,25.64,26.06,24.1,18309,46594219.0,8.05,5.3,1.29,4.69
2019-12-30,002890,25.95,25.61,26.5,24.98,20120,51613111.0,5.93,-0.12,-0.03,5.15
2019-12-31,002890,25.5,25.68,26.1,25.4,10529,27037796.0,2.73,0.27,0.07,2.46
2020-01-02,002890,26.0,26.37,26.45,25.5,10950,28507088.0,3.7,2.69,0.69,2.56
2020-01-03,002890,26.37,28.72,28.89,26.0,24345,67266493.0,10.96,8.91,2.35,5.69
2020-01-06,002890,27.67,27.95,28.98,27.3,15468,43341369.0,5.85,-2.68,-0.77,3.62
2020-01-07,002890,27.67,28.09,28.3,27.5,7290,20276901.0,2.86,0.5,0.14,1.7
2020-01-08,002890,27.8,27.63,28.74,27.29,11361,31702300.0,5.16,-1.64,-0.46,2.66
2020-01-09,002890,27.2,27.8,28.4,27.2,15406,42920446.0,4.34,0.62,0.17,3.6
2020-01-10,002890,27.86,28.15,28.39,27.86,18406,51655456.0,1.91,1.26,0.35,4.3
2020-01-13,002890,27.99,27.58,28.88,27.3,12172,33759090.0,5.61,-2.02,-0.57,2.84
2020-01-14,002890,27.88,26.88,27.88,26.61,18240,49108004.0,4.6,-2.54,-0.7,4.26
2020-01-15,002890,26.9,26.77,27.49,26.7,8565,23119745.0,2.94,-0.41,-0.11,2.0
2020-01-16,002890,26.8,27.05,27.4,26.8,6548,17748103.0,2.24,1.05,0.28,1.53
2020-01-17,002890,27.05,27.25,27.45,26.81,9603,26072963.0,2.37,0.74,0.2,2.24
2020-01-20,002890,27.25,27.5,27.74,26.8,9951,27177813.0,3.45,0.92,0.25,2.33
2020-01-21,002890,27.55,27.61,27.72,27.05,5444,14970952.0,2.44,0.4,0.11,1.27
2020-01-22,002890,27.55,28.13,28.79,27.17,13372,37717468.0,5.87,1.88,0.52,3.13
2020-01-23,002890,28.5,27.3,28.62,26.0,10165,27908275.0,9.31,-2.95,-0.83,2.38
2020-02-03,002890,24.76,24.57,24.76,24.57,6952,17105309.0,0.7,-10.0,-2.73,1.62
2020-02-04,002890,24.0,26.2,26.64,24.0,9489,24291079.0,10.74,6.63,1.63,2.22
2020-02-05,002890,26.48,26.2,26.78,25.98,7501,19782128.0,3.05,0.0,0.0,1.75
2020-02-06,002890,25.55,26.22,26.45,25.55,4706,12315141.0,3.44,0.08,0.02,1.1
2020-02-07,002890,26.0,26.3,26.39,25.6,6186,16115859.0,3.01,0.31,0.08,1.45
2020-02-10,002890,26.36,26.38,26.64,26.05,4348,11448493.0,2.24,0.3,0.08,1.02
2020-02-11,002890,26.44,26.73,26.92,26.29,5192,13817547.0,2.39,1.33,0.35,1.21
2020-02-12,002890,26.75,27.7,27.81,26.5,6711,18369877.0,4.9,3.63,0.97,1.57
2020-02-13,002890,27.17,28.45,28.68,27.17,8993,25377437.0,5.45,2.71,0.75,2.1
2020-02-14,002890,28.58,28.7,28.77,28.21,5408,15428567.0,1.97,0.88,0.25,1.26
2020-02-17,002890,28.55,29.68,29.76,28.17,8167,23897936.0,5.54,3.41,0.98,1.91
2020-02-18,002890,29.65,29.99,30.0,29.36,5435,16172153.0,2.16,1.04,0.31,1.27
2020-02-19,002890,29.93,29.25,29.95,28.88,16005,46774717.0,3.57,-2.47,-0.74,3.74
2020-02-20,002890,29.25,29.66,29.86,28.52,7083,20884528.0,4.58,1.4,0.41,1.66
2020-02-21,002890,29.97,32.42,32.55,29.52,17574,55222963.0,10.22,9.31,2.76,4.11
2020-02-24,002890,32.01,32.98,33.47,31.8,11976,39060852.0,5.15,1.73,0.56,2.8
2020-02-25,002890,32.0,34.7,34.7,31.8,13048,43453829.0,8.79,5.22,1.72,3.05
2020-02-26,002890,35.66,35.0,37.6,34.99,21214,76922730.0,7.52,0.86,0.3,4.96
2020-02-27,002890,34.71,31.5,35.49,31.5,24334,80698881.0,11.4,-10.0,-3.5,5.69
2020-02-28,002890,28.35,28.35,29.28,28.35,17823,50739158.0,2.95,-10.0,-3.15,4.17
2020-03-02,002890,27.9,28.11,29.05,26.85,23530,65587304.0,7.76,-0.85,-0.24,5.5
2020-03-03,002890,28.39,27.7,28.39,27.41,22150,61552378.0,3.49,-1.46,-0.41,5.18
2020-03-04,002890,27.7,30.47,30.47,27.19,19992,58176176.0,11.84,10.0,2.77,4.67
2020-03-05,002890,31.54,33.36,33.52,31.3,19185,62340875.0,7.29,9.48,2.89,4.48
2020-03-06,002890,32.85,31.39,32.93,30.71,15934,50413986.0,6.65,-5.91,-1.97,3.72
2020-03-09,002890,30.8,29.83,30.8,29.79,7778,23483892.0,3.22,-4.97,-1.56,1.82
2020-03-10,002890,30.39,32.0,32.81,29.47,19058,60942515.0,11.2,7.27,2.17,4.45
2020-03-11,002890,31.6,30.72,32.49,30.5,12141,38066457.0,6.22,-4.0,-1.28,2.84
2020-03-12,002890,29.6,30.81,31.28,29.6,6915,21156525.0,5.47,0.29,0.09,1.62
2020-03-13,002890,29.89,31.9,32.55,29.89,7951,24723668.0,8.63,3.54,1.09,1.86
2020-03-16,002890,31.99,30.6,32.68,30.53,8095,25626744.0,6.74,-4.08,-1.3,1.89
2020-03-17,002890,31.3,30.4,31.3,30.02,6208,18947958.0,4.18,-0.65,-0.2,1.45
2020-03-18,002890,30.6,29.64,31.33,29.5,4002,12135079.0,6.02,-2.5,-0.76,0.94
2020-03-19,002890,29.35,30.38,30.7,28.6,4840,14489727.0,7.09,2.5,0.74,1.13
2020-03-20,002890,30.73,30.05,31.44,29.8,3792,11521619.0,5.4,-1.09,-0.33,0.89
2020-03-23,002890,29.43,28.71,29.83,28.5,8831,25664172.0,4.43,-4.46,-1.34,2.06
2020-03-24,002890,28.83,29.19,29.88,28.51,3872,11255938.0,4.77,1.67,0.48,0.91
2020-03-25,002890,29.34,30.55,30.55,29.34,11454,34438865.0,4.15,4.66,1.36,2.68
2020-03-26,002890,30.38,30.84,31.25,29.59,5540,17015861.0,5.43,0.95,0.29,1.29
2020-03-27,002890,31.05,29.97,31.5,29.97,13717,41518444.0,4.96,-2.82,-0.87,3.21
2020-03-30,002890,29.07,29.16,29.76,28.51,4072,11801287.0,4.17,-2.7,-0.81,0.95
2020-03-31,002890,29.52,29.68,29.98,29.5,4891,14547085.0,1.65,1.78,0.52,1.14
2020-04-01,002890,29.68,29.31,29.76,28.9,3707,10946266.0,2.9,-1.25,-0.37,0.87
2020-04-02,002890,29.07,29.83,29.89,28.89,7513,22069293.0,3.41,1.77,0.52,1.76
2020-04-03,002890,29.98,31.16,31.79,29.59,11951,37179864.0,7.38,4.46,1.33,2.79
2020-04-07,002890,32.05,31.24,32.05,31.11,7610,23992039.0,3.02,0.26,0.08,1.78
2020-04-08,002890,31.25,31.48,31.86,30.9,7484,23594612.0,3.07,0.77,0.24,1.75
2020-04-09,002890,31.75,32.17,33.01,31.35,9171,29614104.0,5.27,2.19,0.69,2.14
2020-04-10,002890,32.05,31.39,32.31,30.75,7457,23364022.0,4.85,-2.42,-0.78,1.74
2020-04-13,002890,30.81,31.14,31.52,30.81,3085,9633511.0,2.26,-0.8,-0.25,0.72
2020-04-14,002890,31.14,31.38,31.67,30.71,4439,13892046.0,3.08,0.77,0.24,1.04
2020-04-15,002890,31.3,30.73,31.64,30.73,4405,13666707.0,2.9,-2.07,-0.65,1.03
2020-04-16,002890,31.08,32.06,32.21,30.5,6048,18918582.0,5.56,4.33,1.33,1.41
2020-04-17,002890,32.06,31.33,32.43,31.2,5727,18215613.0,3.84,-2.28,-0.73,1.34
2020-04-20,002890,31.7,33.99,34.3,31.25,12228,40356545.0,9.74,8.49,2.66,2.86
2020-04-21,002890,34.5,34.69,34.71,33.66,9641,33007425.0,3.09,2.06,0.7,2.25
2020-04-22,002890,34.69,35.14,35.58,33.98,10620,37045726.0,4.61,1.3,0.45,2.48
2020-04-23,002890,35.5,36.85,36.9,35.2,9020,32443266.0,4.84,4.87,1.71,2.11
2020-04-24,002890,36.53,35.88,37.68,35.58,9015,32902460.0,5.7,-2.63,-0.97,2.11
2020-04-27,002890,35.61,36.93,37.2,35.61,5583,20491962.0,4.43,2.93,1.05,1.3
2020-04-28,002890,36.95,36.72,37.85,36.1,6084,22321655.0,4.74,-0.57,-0.21,1.42
2020-04-29,002890,36.61,35.89,36.86,35.89,5563,20190069.0,2.64,-2.26,-0.83,1.3
2020-04-30,002890,36.42,35.81,36.55,35.5,5704,20525375.0,2.93,-0.22,-0.08,1.33
2020-05-06,002890,35.81,36.1,36.2,35.15,3644,13027890.0,2.93,0.81,0.29,0.85
2020-05-07,002890,36.1,35.5,36.66,35.32,3526,12580207.0,3.71,-1.66,-0.6,0.82
2020-05-08,002890,35.7,35.67,35.99,35.22,2637,9380905.0,2.17,0.48,0.17,0.62
2020-05-11,002890,35.88,35.75,36.7,35.63,6132,22141429.0,3.0,0.22,0.08,1.43
2020-05-12,002890,35.75,36.1,36.24,35.14,3051,10886946.0,3.08,0.98,0.35,0.71
2020-05-13,002890,36.2,35.47,36.45,35.22,4058,14405152.0,3.41,-1.75,-0.63,0.95
2020-05-14,002890,35.4,35.2,35.86,35.17,2389,8455040.0,1.95,-0.76,-0.27,0.56
2020-05-15,002890,35.25,35.35,35.5,34.9,5063,17800942.0,1.7,0.43,0.15,1.18
2020-05-18,002890,35.3,35.15,35.48,34.8,3220,11287223.0,1.92,-0.57,-0.2,0.75
2020-05-19,002890,35.22,35.23,35.32,35.02,2091,7352648.0,0.85,0.23,0.08,0.49
2020-05-20,002890,35.4,34.42,35.4,34.41,3927,13637302.0,2.81,-2.3,-0.81,0.92
2020-05-21,002890,34.06,34.36,34.8,34.01,2309,7927256.0,2.3,-0.17,-0.06,0.54
2020-05-22,002890,34.22,35.03,35.47,33.87,4830,16842919.0,4.66,1.95,0.67,1.13
2020-05-25,002890,35.03,35.91,36.44,35.03,4623,16576862.0,4.03,2.51,0.88,1.08
2020-05-26,002890,35.93,36.56,36.8,35.73,4238,15364459.0,2.98,1.81,0.65,0.99
2020-05-27,002890,36.79,38.28,38.5,36.1,10689,40437580.0,6.56,4.7,1.72,2.5
2020-05-28,002890,38.28,38.23,38.78,37.94,4907,18782367.0,2.19,-0.13,-0.05,1.15
2020-05-29,002890,37.51,38.01,38.79,37.51,4583,17472175.0,3.35,-0.58,-0.22,1.07
2020-06-01,002890,38.53,37.42,38.53,37.04,8172,30683478.0,3.92,-1.55,-0.59,1.91
2020-06-02,002890,37.5,36.91,37.72,36.7,4113,15287768.0,2.73,-1.36,-0.51,0.96
2020-06-03,002890,36.5,37.58,37.89,36.5,2805,10486462.0,3.77,1.82,0.67,0.66
2020-06-04,002890,38.03,37.6,38.04,37.3,1786,6729221.0,1.97,0.05,0.02,0.42
2020-06-05,002890,37.61,37.41,37.75,37.17,1923,7196333.0,1.54,-0.51,-0.19,0.45
2020-06-08,002890,37.42,36.78,37.79,36.65,4987,18522824.0,3.05,-1.68,-0.63,1.17
2020-06-09,002890,36.89,36.11,36.9,35.4,9737,35136833.0,4.08,-1.82,-0.67,2.28
2020-06-10,002890,36.4,35.87,36.4,35.57,3513,12596861.0,2.3,-0.66,-0.24,0.82
2020-06-11,002890,35.99,36.24,37.38,35.76,7653,28106808.0,4.52,1.03,0.37,1.79
2020-06-12,002890,35.78,36.55,37.15,35.0,5044,18290632.0,5.93,0.86,0.31,1.18
2020-06-15,002890,36.55,35.65,37.0,35.54,5144,18504448.0,3.99,-2.46,-0.9,1.2
2020-06-16,002890,35.56,36.8,37.6,35.55,6039,22229355.0,5.75,3.23,1.15,1.41
2020-06-17,002890,36.8,36.61,37.31,36.5,11052,40868279.0,2.2,-0.52,-0.19,2.58
2020-06-18,002890,36.5,37.38,37.49,36.31,6834,25459534.0,3.22,2.1,0.77,1.6
2020-06-19,002890,37.55,38.15,38.7,37.26,10048,38497340.0,3.85,2.06,0.77,2.35
2020-06-22,002890,38.32,37.71,38.69,37.62,7418,28130878.0,2.8,-1.15,-0.44,1.73
2020-06-23,002890,37.73,37.69,37.89,37.23,3510,13173496.0,1.75,-0.05,-0.02,0.82
2020-06-24,002890,37.25,37.03,38.16,36.88,4074,15172416.0,3.4,-1.75,-0.66,0.95
2020-06-29,002890,36.84,36.9,37.59,36.37,6810,25286145.0,3.29,-0.35,-0.13,1.59
2020-06-30,002890,37.37,37.63,37.85,37.07,3242,12181330.0,2.11,1.98,0.73,0.76
2020-07-01,002890,37.42,37.54,38.55,37.16,4351,16315577.0,3.69,-0.24,-0.09,1.02
2020-07-02,002890,37.48,36.81,37.72,36.5,5847,21597617.0,3.25,-1.94,-0.73,1.36
2020-07-03,002890,37.03,37.22,37.43,36.62,3426,12705414.0,2.2,1.11,0.41,0.8
2020-07-06,002890,37.23,37.22,37.91,37.11,8016,29922605.0,2.15,0.0,0.0,1.87
2020-07-07,002890,37.21,36.63,37.7,36.36,9522,35036078.0,3.6,-1.59,-0.59,2.22
2020-07-08,002890,36.74,37.81,37.85,36.42,4901,18172086.0,3.9,3.22,1.18,1.14
2020-07-09,002890,37.7,37.6,39.49,37.3,19381,74197318.0,5.79,-0.56,-0.21,4.52
2020-07-10,002890,37.61,36.3,37.82,36.0,16836,61640271.0,4.84,-3.46,-1.3,3.93
2020-07-13,002890,36.0,36.33,36.58,35.6,11871,42825711.0,2.7,0.08,0.03,2.77
2020-07-14,002890,36.6,39.96,39.96,36.3,23532,89834779.0,10.07,9.99,3.63,5.49
2020-07-15,002890,39.99,40.2,42.63,39.97,27678,112584561.0,6.66,0.6,0.24,6.46
2020-07-16,002890,39.69,36.18,39.7,36.18,20529,76834060.0,8.76,-10.0,-4.02,4.79
2020-07-17,002890,35.0,35.17,36.19,33.0,11367,39794920.0,8.82,-2.79,-1.01,2.65
2020-07-20,002890,35.97,38.69,38.69,35.6,13877,52738093.0,8.79,10.01,3.52,3.24
2020-07-21,002890,40.3,40.61,40.7,38.21,21917,86973847.0,6.44,4.96,1.92,5.11
2020-07-22,002890,41.07,40.9,42.3,39.31,17804,73627171.0,7.36,0.71,0.29,4.15
2020-07-23,002890,41.31,43.0,43.5,39.65,21034,88606970.0,9.41,5.13,2.1,4.91
2020-07-24,002890,43.0,40.95,44.2,40.87,23328,98932398.0,7.74,-4.77,-2.05,5.44
2020-07-27,002890,41.62,42.49,43.2,41.5,12336,52441962.0,4.15,3.76,1.54,2.88
2020-07-28,002890,42.49,42.0,42.97,41.64,8418,35459133.0,3.13,-1.15,-0.49,1.96
2020-07-29,002890,42.01,41.23,42.32,40.62,8310,34334043.0,4.05,-1.83,-0.77,1.94
2020-07-30,002890,41.42,41.25,41.7,40.7,7581,31166448.0,2.43,0.05,0.02,1.77
2020-07-31,002890,41.0,41.33,41.5,40.34,6977,28663407.0,2.81,0.19,0.08,1.63
2020-08-03,002890,41.56,44.12,44.54,41.54,14475,63214431.0,7.26,6.75,2.79,3.38
2020-08-04,002890,44.21,45.1,45.96,44.21,15577,70373309.0,3.97,2.22,0.98,3.63
2020-08-05,002890,45.0,45.94,45.98,44.6,10689,48741532.0,3.06,1.86,0.84,2.49
2020-08-06,002890,46.05,46.73,48.2,45.1,19395,91423121.0,6.75,1.72,0.79,4.53
2020-08-07,002890,47.05,51.4,51.4,46.8,23473,115842168.0,9.84,9.99,4.67,5.48
2020-08-10,002890,51.4,52.62,52.89,50.37,20395,105846356.0,4.9,2.37,1.22,4.76
2020-08-11,002890,52.68,51.3,54.8,50.04,21886,116141789.0,9.05,-2.51,-1.32,5.11
2020-08-12,002890,51.3,51.0,52.55,50.0,15822,80801475.0,4.97,-0.58,-0.3,3.69
2020-08-13,002890,52.06,51.61,52.58,50.67,15057,77684925.0,3.75,1.2,0.61,3.51
2020-08-14,002890,51.6,51.04,52.39,50.3,7638,39056001.0,4.05,-1.1,-0.57,1.78
2020-08-17,002890,52.02,50.01,52.02,49.8,12690,63873695.0,4.35,-2.02,-1.03,2.96
2020-08-18,002890,50.55,50.0,50.8,49.49,9693,48618521.0,2.62,-0.02,-0.01,2.26
2020-08-19,002890,49.98,48.71,50.5,48.35,9805,48460230.0,4.3,-2.58,-1.29,2.29
2020-08-20,002890,48.75,47.35,48.75,46.86,8846,42181105.0,3.88,-2.79,-1.36,2.06
2020-08-21,002890,47.6,50.01,50.5,47.59,9401,46643964.0,6.15,5.62,2.66,2.19
2020-08-24,002890,50.01,53.6,54.05,50.0,10375,53837094.0,8.1,7.18,3.59,2.42
2020-08-25,002890,53.6,54.92,56.75,53.59,10485,57880387.0,5.9,2.46,1.32,2.45
2020-08-26,002890,55.59,49.43,55.59,49.43,25303,130487440.0,11.22,-10.0,-5.49,5.9
2020-08-27,002890,48.67,49.06,52.55,46.5,17620,86151143.0,12.24,-0.75,-0.37,4.11
2020-08-28,002890,50.0,51.14,51.95,48.85,9132,46151569.0,6.32,4.24,2.08,2.13
2020-08-31,002890,51.2,52.12,52.59,50.59,9871,51040186.0,3.91,1.92,0.98,2.3
2020-09-01,002890,51.6,50.9,52.5,50.75,7809,40285278.0,3.36,-2.34,-1.22,1.82
2020-09-02,002890,50.99,49.0,50.99,48.67,8696,42989997.0,4.56,-3.73,-1.9,2.03
2020-09-03,002890,49.42,48.88,49.42,48.2,5851,28496257.0,2.49,-0.24,-0.12,1.37
2020-09-04,002890,48.0,48.8,49.29,47.2,7728,37160936.0,4.28,-0.16,-0.08,1.8
2020-09-07,002890,48.8,45.96,48.94,45.6,11382,53492448.0,6.84,-5.82,-2.84,2.66
2020-09-08,002890,46.0,44.79,46.33,44.0,11427,51460015.0,5.07,-2.55,-1.17,2.67
2020-09-09,002890,44.5,44.19,44.92,43.41,8414,37109522.0,3.37,-1.34,-0.6,1.96
2020-09-10,002890,45.05,42.79,45.05,42.46,8194,35610041.0,5.86,-3.17,-1.4,1.91
2020-09-11,002890,42.45,43.88,43.88,39.51,24261,102576616.0,10.21,2.55,1.09,5.66
2020-09-14,002890,44.44,41.33,44.53,39.49,40173,167711334.0,11.49,-5.81,-2.55,9.37
2020-09-15,002890,41.18,38.93,41.18,37.2,39505,151736407.0,9.63,-5.81,-2.4,9.22
2020-09-16,002890,38.5,35.04,39.37,35.04,60720,217187354.0,11.12,-9.99,-3.89,14.17
2020-09-17,002890,34.09,36.45,37.09,34.09,40307,145151810.0,8.56,4.02,1.41,9.4
2020-09-18,002890,36.45,35.42,36.46,33.95,27872,97769718.0,6.89,-2.83,-1.03,6.5
2020-09-21,002890,35.5,35.19,35.76,34.29,35706,125101216.0,4.15,-0.65,-0.23,8.33
2020-09-22,002890,34.69,35.2,35.48,33.77,32175,112463475.0,4.86,0.03,0.01,7.51
2020-09-23,002890,35.09,35.0,35.52,35.0,31710,111232743.0,1.48,-0.57,-0.2,7.4
2020-09-24,002890,34.85,34.0,34.85,33.57,18499,63261047.0,3.66,-2.86,-1.0,4.32
2020-09-25,002890,33.8,33.35,34.35,32.6,19264,64218582.0,5.15,-1.91,-0.65,4.49
2020-09-28,002890,33.25,32.47,33.26,32.1,16530,53939037.0,3.48,-2.64,-0.88,3.86
2020-09-29,002890,32.97,32.6,33.61,32.05,24526,79927146.0,4.8,0.4,0.13,5.72
2020-09-30,002890,32.71,32.05,32.71,31.95,14310,45976025.0,2.33,-1.69,-0.55,3.34
2020-10-09,002890,32.3,32.3,33.5,32.02,19286,62848753.0,4.62,0.78,0.25,4.5
2020-10-12,002890,32.56,33.42,33.75,32.1,46497,154671354.0,5.11,3.47,1.12,10.85
2020-10-13,002890,33.42,33.7,33.87,32.64,27790,92644689.0,3.68,0.84,0.28,6.48
2020-10-14,002890,34.0,33.69,34.18,33.3,38929,131403281.0,2.61,-0.03,-0.01,9.08
2020-10-15,002890,33.44,33.7,34.16,32.85,39646,133993957.0,3.89,0.03,0.01,9.25
2020-10-16,002890,33.5,33.08,33.75,32.96,25074,83354523.0,2.34,-1.84,-0.62,5.85
2020-10-19,002890,33.01,32.3,33.04,32.23,15443,50360487.0,2.45,-2.36,-0.78,3.6
2020-10-20,002890,32.17,32.6,32.78,31.76,17331,56253331.0,3.16,0.93,0.3,4.04
2020-10-21,002890,32.77,32.03,32.9,31.95,19235,62074131.0,2.91,-1.75,-0.57,4.49
2020-10-22,002890,32.02,31.7,32.02,31.44,12195,38644635.0,1.81,-1.03,-0.33,2.85
2020-10-23,002890,31.46,31.03,31.98,30.5,24193,75479792.0,4.67,-2.11,-0.67,5.64
2020-10-26,002890,31.01,31.05,31.96,30.24,25056,78354460.0,5.54,0.06,0.02,5.85
2020-10-27,002890,31.44,31.21,31.55,30.89,18926,59127991.0,2.13,0.52,0.16,4.42
2020-10-28,002890,31.2,31.21,31.4,30.8,20084,62546814.0,1.92,0.0,0.0,4.69
2020-10-29,002890,30.83,30.28,30.84,30.11,11947,36327656.0,2.34,-2.98,-0.93,2.79
2020-10-30,002890,30.33,28.3,30.48,28.3,18248,53229137.0,7.2,-6.54,-1.98,4.26
2020-11-02,002890,28.34,29.45,30.2,28.01,23475,68901495.0,7.74,4.06,1.15,5.48
2020-11-03,002890,29.5,29.73,30.24,29.31,14858,44170552.0,3.16,0.95,0.28,3.47
2020-11-04,002890,29.7,28.98,29.88,28.96,11478,33542668.0,3.09,-2.52,-0.75,2.68
2020-11-05,002890,29.36,29.89,30.1,29.02,26730,79468285.0,3.73,3.14,0.91,6.24
2020-11-06,002890,29.89,28.85,30.5,28.74,17980,53079164.0,5.89,-3.48,-1.04,4.2
2020-11-09,002890,28.87,30.1,30.47,28.86,32556,97493632.0,5.58,4.33,1.25,7.6
2020-11-10,002890,30.2,29.29,30.38,29.07,17696,52325223.0,4.35,-2.69,-0.81,4.13
2020-11-11,002890,29.29,28.3,29.43,28.18,12322,35425587.0,4.27,-3.38,-0.99,2.88
2020-11-12,002890,28.39,27.85,28.65,27.74,10059,28219016.0,3.22,-1.59,-0.45,2.35
2020-11-13,002890,28.23,28.2,28.59,27.48,12309,34392514.0,3.99,1.26,0.35,2.87
2020-11-16,002890,28.2,28.33,28.49,27.61,11799,33223342.0,3.12,0.46,0.13,2.75
2020-11-17,002890,28.29,27.45,28.29,27.18,14440,39666443.0,3.92,-3.11,-0.88,3.37
2020-11-18,002890,27.45,27.92,28.75,27.45,15138,42593934.0,4.74,1.71,0.47,3.53
2020-11-19,002890,28.15,28.22,28.26,27.62,9102,25410229.0,2.29,1.07,0.3,2.12
2020-11-20,002890,28.04,28.27,28.52,28.02,32653,92432198.0,1.77,0.18,0.05,7.62
2020-11-23,002890,28.37,28.29,28.7,27.9,49752,140380989.0,2.83,0.07,0.02,11.61
2020-11-24,002890,28.27,27.5,28.27,27.29,39699,109293230.0,3.46,-2.79,-0.79,9.26
2020-11-25,002890,27.49,25.67,27.49,25.55,36832,96182922.0,7.05,-6.65,-1.83,8.59
2020-11-26,002890,25.68,25.01,25.81,24.8,21910,55177549.0,3.93,-2.57,-0.66,5.11
2020-11-27,002890,25.14,24.93,25.16,24.58,13588,33805857.0,2.32,-0.32,-0.08,3.17
2020-11-30,002890,24.63,25.21,25.45,24.63,15844,39842547.0,3.29,1.12,0.28,3.7
2020-12-01,002890,25.3,25.52,25.7,25.1,11508,29336973.0,2.38,1.23,0.31,2.69
2020-12-02,002890,25.67,25.62,25.69,25.4,8682,22192190.0,1.14,0.39,0.1,2.03
2020-12-03,002890,25.62,25.61,25.95,25.44,13820,35382122.0,1.99,-0.04,-0.01,3.22
2020-12-04,002890,25.61,25.49,25.73,25.23,12675,32305041.0,1.95,-0.47,-0.12,2.96
2020-12-07,002890,25.48,25.04,25.74,24.99,10762,27203441.0,2.94,-1.77,-0.45,2.51
2020-12-08,002890,25.04,25.07,25.29,24.95,6767,16984068.0,1.36,0.12,0.03,1.58
2020-12-09,002890,25.19,24.3,25.19,24.23,9780,24067862.0,3.83,-3.07,-0.77,2.28
2020-12-10,002890,24.3,24.54,25.13,23.9,13594,33365796.0,5.06,0.99,0.24,3.17
2020-12-11,002890,24.53,23.73,24.8,23.29,12033,28696421.0,6.15,-3.3,-0.81,2.81
2020-12-14,002890,23.73,24.33,24.42,23.32,14127,34024180.0,4.64,2.53,0.6,3.3
2020-12-15,002890,24.34,24.19,24.5,24.13,5082,12332797.0,1.52,-0.58,-0.14,1.19
2020-12-16,002890,24.19,23.52,24.26,23.5,10094,23992456.0,3.14,-2.77,-0.67,2.36
2020-12-17,002890,23.52,24.36,24.7,23.0,15928,38175377.0,7.23,3.57,0.84,3.72
2020-12-18,002890,24.12,23.73,24.48,23.67,8928,21443323.0,3.33,-2.59,-0.63,2.08
2020-12-21,002890,23.73,24.25,24.39,23.47,9709,23343817.0,3.88,2.19,0.52,2.27
2020-12-22,002890,24.05,23.19,24.3,23.01,12359,29057896.0,5.32,-4.37,-1.06,2.88
2020-12-23,002890,23.06,22.88,23.67,22.66,11075,25562031.0,4.36,-1.34,-0.31,2.58
2020-12-24,002890,22.88,21.99,22.96,21.81,12443,27746661.0,5.03,-3.89,-0.89,2.9
2020-12-25,002890,22.24,22.52,22.89,21.85,11080,24889947.0,4.73,2.41,0.53,2.59
2020-12-28,002890,22.31,21.95,22.62,21.76,11977,26406392.0,3.82,-2.53,-0.57,2.79
2020-12-29,002890,22.0,21.89,22.4,21.7,8933,19697690.0,3.19,-0.27,-0.06,2.08
2020-12-30,002890,22.73,24.08,24.08,22.28,10469,24667462.0,8.22,10.0,2.19,2.44
2020-12-31,002890,25.0,24.45,25.49,24.2,44989,111659895.0,5.36,1.54,0.37,9.45
2021-01-04,002890,24.0,24.0,24.36,23.3,33215,78521794.0,4.34,-1.84,-0.45,6.97
2021-01-05,002890,23.5,22.84,23.75,22.81,26163,60608298.0,3.92,-4.83,-1.16,5.49
2021-01-06,002890,22.9,22.06,23.36,22.01,18723,42133483.0,5.91,-3.42,-0.78,3.93
2021-01-07,002890,21.92,21.09,22.05,19.9,31607,65944796.0,9.75,-4.4,-0.97,6.64
2021-01-08,002890,20.8,20.75,21.0,20.02,11298,23289537.0,4.65,-1.61,-0.34,2.37
2021-01-11,002890,20.77,20.21,20.8,20.1,9272,18934512.0,3.37,-2.6,-0.54,1.95
2021-01-12,002890,20.19,20.08,20.46,19.84,10045,20191481.0,3.07,-0.64,-0.13,2.11
2021-01-13,002890,20.88,20.29,21.22,20.25,15611,32215437.0,4.83,1.05,0.21,3.28
2021-01-14,002890,19.85,20.26,20.6,19.7,12567,25362982.0,4.44,-0.15,-0.03,2.64
2021-01-15,002890,20.23,20.94,21.23,20.13,17331,36054966.0,5.43,3.36,0.68,3.64
2021-01-18,002890,20.82,21.09,21.45,20.7,10529,22254354.0,3.58,0.72,0.15,2.21
2021-01-19,002890,21.16,21.75,21.75,21.16,16782,36126553.0,2.8,3.13,0.66,3.52
2021-01-20,002890,21.82,21.35,21.82,21.21,10659,22833317.0,2.8,-1.84,-0.4,2.24
2021-01-21,002890,21.15,21.19,21.45,20.93,9885,20948810.0,2.44,-0.75,-0.16,2.08
2021-01-22,002890,21.2,20.76,21.2,20.7,9869,20581524.0,2.36,-2.03,-0.43,2.07
2021-01-25,002890,20.78,20.1,20.89,20.01,9462,19112450.0,4.24,-3.18,-0.66,1.99
2021-01-26,002890,19.95,20.02,20.34,19.78,5620,11321569.0,2.79,-0.4,-0.08,1.18
2021-01-27,002890,19.92,20.26,20.3,19.92,5938,11970918.0,1.9,1.2,0.24,1.25
2021-01-28,002890,20.19,20.33,20.65,20.03,9651,19708599.0,3.06,0.35,0.07,2.03
2021-01-29,002890,20.32,20.0,20.55,19.9,9646,19422039.0,3.2,-1.62,-0.33,2.03
2021-02-01,002890,20.25,19.45,20.28,19.34,11259,22175077.0,4.7,-2.75,-0.55,2.36
2021-02-02,002890,19.46,19.13,19.46,18.81,8060,15405319.0,3.34,-1.65,-0.32,1.69
2021-02-03,002890,19.03,19.45,19.95,18.78,11999,23117094.0,6.12,1.67,0.32,2.52
2021-02-04,002890,19.15,18.49,19.3,18.28,9741,18267024.0,5.24,-4.94,-0.96,2.05
2021-02-05,002890,18.49,18.07,18.74,18.04,6452,11800416.0,3.79,-2.27,-0.42,1.35
2021-02-08,002890,18.07,18.16,18.3,17.77,6851,12396425.0,2.93,0.5,0.09,1.44
2021-02-09,002890,18.19,18.3,18.44,18.09,5172,9455475.0,1.93,0.77,0.14,1.09
2021-02-10,002890,18.25,18.29,18.5,18.22,5339,9781004.0,1.53,-0.05,-0.01,1.12
2021-02-18,002890,18.51,19.21,19.31,18.45,10317,19519646.0,4.7,5.03,0.92,2.17
2021-02-19,002890,19.21,19.86,19.92,18.97,9364,18349759.0,4.95,3.38,0.65,1.97
2021-02-22,002890,20.21,20.72,21.19,20.15,18224,37904081.0,5.24,4.33,0.86,3.83
2021-02-23,002890,20.72,20.19,20.97,20.1,12102,24738857.0,4.2,-2.56,-0.53,2.54
2021-02-24,002890,20.17,20.39,20.69,20.17,6988,14298439.0,2.58,0.99,0.2,1.47
2021-02-25,002890,20.39,20.22,20.6,20.12,7248,14718398.0,2.35,-0.83,-0.17,1.52
2021-02-26,002890,20.19,21.22,21.85,20.08,26023,55336132.0,8.75,4.95,1.0,5.46
2021-03-15,002890,23.34,23.34,23.34,23.34,4385,10234590.0,0.0,9.99,2.12,0.92
2021-03-16,002890,25.67,25.67,25.67,25.67,7892,20258764.0,0.0,9.98,2.33,1.66
2021-03-17,002890,28.22,27.59,28.22,26.23,81536,223319257.0,7.75,7.48,1.92,17.12
2021-03-18,002890,26.9,27.0,30.35,26.44,66765,188606561.0,14.17,-2.14,-0.59,14.02
2021-03-19,002890,25.1,24.95,26.37,24.37,53549,134221658.0,7.41,-7.59,-2.05,11.24
2021-03-22,002890,24.59,24.76,24.93,23.88,40130,97690816.0,4.21,-0.76,-0.19,8.43
2021-03-23,002890,24.3,27.24,27.24,23.98,45503,116950820.0,13.17,10.02,2.48,9.55
2021-03-24,002890,28.4,25.82,29.55,25.8,63343,175483342.0,13.77,-5.21,-1.42,13.3
2021-03-25,002890,25.85,26.77,28.2,25.38,47318,127236809.0,10.92,3.68,0.95,9.94
2021-03-26,002890,25.38,26.03,26.4,25.38,35233,91354778.0,3.81,-2.76,-0.74,7.4
2021-03-29,002890,25.9,24.8,26.52,24.08,39252,97469678.0,9.37,-4.73,-1.23,8.24
2021-03-30,002890,24.77,24.3,24.77,23.7,20610,49809430.0,4.31,-2.02,-0.5,4.33
2021-03-31,002890,24.32,24.68,25.25,24.13,19726,48779408.0,4.61,1.56,0.38,4.14
2021-04-01,002890,24.14,23.39,24.15,23.01,25373,59446075.0,4.62,-5.23,-1.29,5.33
2021-04-02,002890,23.28,23.65,24.07,23.28,15418,36375804.0,3.38,1.11,0.26,3.24
2021-04-06,002890,23.87,23.65,23.87,23.43,11563,27310528.0,1.86,0.0,0.0,2.43
2021-04-07,002890,23.75,25.14,26.02,23.54,32414,81408215.0,10.49,6.3,1.49,6.81
2021-04-08,002890,24.94,24.66,25.18,24.26,19413,47774196.0,3.66,-1.91,-0.48,4.08
2021-04-09,002890,25.26,25.12,25.29,24.58,14100,35284191.0,2.88,1.87,0.46,2.96
2021-04-12,002890,24.98,23.94,24.98,23.72,15771,38057636.0,5.02,-4.7,-1.18,3.31
2021-04-13,002890,23.8,24.16,24.31,23.46,10483,25161854.0,3.55,0.92,0.22,2.2
2021-04-14,002890,24.16,24.69,24.86,23.9,12406,30323630.0,3.97,2.19,0.53,2.61
2021-04-15,002890,24.87,24.1,24.87,24.03,8740,21249527.0,3.4,-2.39,-0.59,1.84
2021-04-16,002890,24.53,25.4,25.79,24.53,25152,63723154.0,5.23,5.39,1.3,5.28
2021-04-19,002890,25.45,25.47,25.88,25.18,14500,36893632.0,2.76,0.28,0.07,3.04
2021-04-20,002890,25.46,25.8,26.13,25.26,14391,37044666.0,3.42,1.3,0.33,3.02
2021-04-21,002890,25.59,25.0,25.73,24.89,10514,26462149.0,3.26,-3.1,-0.8,2.21
2021-04-22,002890,24.95,24.83,25.24,24.68,7680,19065822.0,2.24,-0.68,-0.17,1.61
2021-04-23,002890,24.83,25.23,25.96,24.6,14285,36131947.0,5.48,1.61,0.4,3.0
2021-04-26,002890,25.12,23.91,25.23,23.91,13892,33876260.0,5.23,-5.23,-1.32,2.92
2021-04-27,002890,24.21,24.7,24.92,23.35,14799,35790184.0,6.57,3.3,0.79,3.11
2021-04-28,002890,24.67,23.99,24.67,23.83,9219,22141738.0,3.4,-2.87,-0.71,1.94
2021-04-29,002890,23.99,23.21,24.27,23.13,8658,20335001.0,4.75,-3.25,-0.78,1.82
2021-04-30,002890,23.58,23.17,24.32,23.08,9611,22682058.0,5.34,-0.17,-0.04,2.02
2021-05-06,002890,23.53,23.22,23.65,23.11,5968,13897241.0,2.33,0.22,0.05,1.25
2021-05-07,002890,23.15,22.93,23.25,22.69,6618,15176499.0,2.41,-1.25,-0.29,1.39
2021-05-10,002890,22.81,22.9,23.1,22.7,4042,9242116.0,1.74,-0.13,-0.03,0.85
2021-05-11,002890,22.99,22.91,23.01,22.6,5099,11637126.0,1.79,0.04,0.01,1.07
2021-05-12,002890,22.92,23.2,23.23,22.71,5613,12887360.0,2.27,1.27,0.29,1.18
2021-05-13,002890,23.59,23.11,23.65,23.09,8054,18766067.0,2.41,-0.39,-0.09,1.69
2021-05-14,002890,23.09,23.18,23.32,22.72,4934,11376627.0,2.6,0.3,0.07,1.04
2021-05-17,002890,23.29,22.82,23.29,22.75,5255,12026187.0,2.33,-1.55,-0.36,1.1
2021-05-18,002890,22.83,23.25,23.35,22.66,6963,16009607.0,3.02,1.88,0.43,1.46
2021-05-19,002890,23.25,23.08,23.25,22.93,3830,8821431.0,1.38,-0.73,-0.17,0.8
2021-05-20,002890,17.18,18.03,18.03,16.4,14819,26149601.0,7.06,-21.88,-5.05,2.22
2021-05-21,002890,19.68,19.83,19.83,19.15,52250,103377033.0,3.77,9.98,1.8,7.84
2021-05-24,002890,18.36,18.56,19.25,18.36,68294,127827196.0,4.49,-6.4,-1.27,10.24
2021-05-25,002890,18.25,18.85,19.3,18.25,53487,100526673.0,5.66,1.56,0.29,8.02
2021-05-26,002890,18.85,19.5,19.79,18.22,54991,104065522.0,8.33,3.45,0.65,8.25
2021-05-27,002890,19.13,18.78,19.27,18.54,40519,76381154.0,3.74,-3.69,-0.72,6.08
2021-05-28,002890,18.82,18.9,18.9,18.37,27387,51080464.0,2.82,0.64,0.12,4.11
2021-05-31,002890,18.83,19.21,19.68,18.83,40146,77096437.0,4.5,1.64,0.31,6.02
2021-06-01,002890,19.2,19.75,20.88,18.42,60049,117144206.0,12.81,2.81,0.54,9.01
2021-06-02,002890,19.38,18.66,19.54,18.62,42914,81812226.0,4.66,-5.52,-1.09,6.44
2021-06-03,002890,18.68,18.61,18.9,18.25,20901,38813356.0,3.48,-0.27,-0.05,3.13
2021-06-04,002890,18.58,18.65,18.75,18.39,15287,28392469.0,1.93,0.21,0.04,2.29
2021-06-07,002890,18.79,18.3,18.9,18.26,20130,37091071.0,3.43,-1.88,-0.35,3.02
2021-06-08,002890,18.22,18.5,18.67,18.11,16134,29763435.0,3.06,1.09,0.2,2.42
2021-06-09,002890,18.35,18.66,18.7,18.2,14053,26042359.0,2.7,0.86,0.16,2.11
2021-06-10,002890,18.61,18.44,18.64,18.36,12283,22648161.0,1.5,-1.18,-0.22,1.84
2021-06-11,002890,18.44,17.5,18.44,16.81,27693,48758135.0,8.84,-5.1,-0.94,4.15
2021-06-15,002890,17.31,17.05,17.38,16.89,13183,22506991.0,2.8,-2.57,-0.45,1.98
2021-06-16,002890,17.0,17.07,17.19,16.91,7257,12383606.0,1.64,0.12,0.02,1.09
2021-06-17,002890,17.08,16.61,17.2,16.5,16974,28403335.0,4.1,-2.69,-0.46,2.55
2021-06-18,002890,16.61,16.7,16.74,16.4,11614,19207253.0,2.05,0.54,0.09,1.74
2021-06-21,002890,16.61,17.18,17.24,16.16,14400,24422043.0,6.47,2.87,0.48,2.16
2021-06-22,002890,17.18,17.04,17.48,17.02,9843,16934606.0,2.68,-0.81,-0.14,1.48
2021-06-23,002890,17.1,17.07,17.3,16.95,7302,12482440.0,2.05,0.18,0.03,1.1
2021-06-24,002890,17.1,16.8,17.22,16.75,8494,14322646.0,2.75,-1.58,-0.27,1.27
2021-06-25,002890,16.98,16.83,16.98,16.57,8201,13736149.0,2.44,0.18,0.03,1.23
2021-06-28,002890,16.88,18.51,18.51,16.86,17865,32221115.0,9.8,9.98,1.68,2.68
2021-06-29,002890,18.1,18.47,20.15,18.1,59153,111493432.0,11.08,-0.22,-0.04,8.87
2021-06-30,002890,18.36,17.89,18.44,17.68,32837,58986507.0,4.11,-3.14,-0.58,4.9
2021-07-01,002890,17.72,17.39,17.87,17.37,19292,33943723.0,2.79,-2.79,-0.5,2.88
2021-07-02,002890,17.3,17.08,17.3,16.9,13820,23544996.0,2.3,-1.78,-0.31,2.06
2021-07-05,002890,16.95,17.19,17.38,16.93,11977,20565951.0,2.63,0.64,0.11,1.79
2021-07-06,002890,17.19,17.33,17.35,16.94,10077,17302379.0,2.39,0.81,0.14,1.5
2021-07-07,002890,17.15,17.32,17.6,17.15,10776,18755431.0,2.6,-0.06,-0.01,1.61
2021-07-08,002890,17.45,16.98,17.45,16.95,11033,18868450.0,2.89,-1.96,-0.34,1.65
2021-07-09,002890,17.04,17.29,17.44,16.92,9791,16885150.0,3.06,1.83,0.31,1.46
2021-07-12,002890,15.71,16.39,16.63,15.71,45992,74325147.0,5.32,-5.21,-0.9,6.86
2021-07-13,002890,16.15,16.07,16.33,15.92,26379,42540587.0,2.5,-1.95,-0.32,3.93
2021-07-14,002890,16.07,15.89,16.23,15.86,15170,24348574.0,2.3,-1.12,-0.18,2.26
2021-07-15,002890,15.81,15.41,15.85,15.12,24855,38227331.0,4.59,-3.02,-0.48,3.71
2021-07-16,002890,15.38,14.89,15.47,14.76,28895,43486562.0,4.61,-3.37,-0.52,4.31
2021-07-19,002890,14.89,14.75,14.92,14.67,12657,18704991.0,1.68,-0.94,-0.14,1.89
2021-07-20,002890,14.98,14.91,14.99,14.65,10521,15625931.0,2.31,1.08,0.16,1.57
2021-07-21,002890,14.9,15.24,15.35,14.85,10903,16567792.0,3.35,2.21,0.33,1.63
2021-07-22,002890,15.24,15.46,15.63,15.24,12193,18880049.0,2.56,1.44,0.22,1.82
2021-07-23,002890,15.46,15.1,15.46,15.09,12683,19306192.0,2.39,-2.33,-0.36,1.89
2021-07-26,002890,15.1,14.83,15.14,14.6,8535,12641080.0,3.58,-1.79,-0.27,1.27
2021-07-27,002890,14.83,14.48,15.03,14.45,9708,14296824.0,3.91,-2.36,-0.35,1.45
2021-07-28,002890,14.53,14.13,14.62,13.48,10526,14836238.0,7.87,-2.42,-0.35,1.57
2021-07-29,002890,14.4,14.36,14.5,14.18,6822,9802160.0,2.26,1.63,0.23,1.02
2021-07-30,002890,14.36,14.63,14.69,14.29,9424,13687070.0,2.79,1.88,0.27,1.41
2021-08-02,002890,14.7,14.93,14.97,14.51,8995,13353719.0,3.14,2.05,0.3,1.34
2021-08-03,002890,14.93,14.93,15.2,14.77,9061,13644741.0,2.88,0.0,0.0,1.35
2021-08-04,002890,15.0,15.05,15.94,14.95,15089,23011099.0,6.63,0.8,0.12,2.25
2021-08-05,002890,14.96,14.92,15.14,14.9,7593,11381819.0,1.59,-0.86,-0.13,1.13
2021-08-06,002890,14.88,14.98,15.07,14.84,6935,10377510.0,1.54,0.4,0.06,1.03
2021-08-09,002890,15.0,15.48,15.55,15.0,11631,17826327.0,3.67,3.34,0.5,1.74
2021-08-10,002890,15.47,15.8,15.89,15.43,14218,22367573.0,2.97,2.07,0.32,2.12
2021-08-11,002890,15.86,16.24,16.45,15.83,18817,30426697.0,3.92,2.78,0.44,2.81
2021-08-12,002890,16.24,15.99,16.49,15.92,12299,19806231.0,3.51,-1.54,-0.25,1.83
2021-08-13,002890,15.99,16.03,16.24,15.7,11891,18934348.0,3.38,0.25,0.04,1.77
2021-08-16,002890,16.05,15.9,16.18,15.9,8216,13152641.0,1.75,-0.81,-0.13,1.23
2021-08-17,002890,15.9,15.49,15.9,15.46,8021,12574806.0,2.77,-2.58,-0.41,1.2
2021-08-18,002890,15.5,16.05,16.05,15.41,9349,14778378.0,4.13,3.62,0.56,1.39
2021-08-19,002890,16.13,15.61,16.13,15.52,8449,13258931.0,3.8,-2.74,-0.44,1.26
2021-08-20,002890,15.62,15.34,15.69,15.14,8364,12796397.0,3.52,-1.73,-0.27,1.25
2021-08-23,002890,15.34,16.12,16.18,15.34,20149,32056178.0,5.48,5.08,0.78,3.01
2021-08-24,002890,16.17,16.16,16.69,16.1,14552,23750636.0,3.66,0.25,0.04,2.17
2021-08-25,002890,16.1,15.93,16.36,15.83,12622,20261399.0,3.28,-1.42,-0.23,1.88
2021-08-26,002890,15.91,15.79,16.08,15.55,12133,19126714.0,3.33,-0.88,-0.14,1.81
2021-08-27,002890,15.78,15.51,15.8,15.43,8738,13602732.0,2.34,-1.77,-0.28,1.3
2021-08-30,002890,15.49,15.73,15.82,15.23,11584,18029724.0,3.8,1.42,0.22,1.73
2021-08-31,002890,15.73,15.9,16.06,15.41,10754,17107784.0,4.13,1.08,0.17,1.6
2021-09-01,002890,15.91,16.35,16.7,15.91,23765,38972666.0,4.97,2.83,0.45,3.54
2021-09-02,002890,16.37,16.13,16.61,16.08,14996,24399674.0,3.24,-1.35,-0.22,2.24
2021-09-03,002890,16.23,16.26,16.42,15.89,12229,19825515.0,3.29,0.81,0.13,1.82
2021-09-06,002890,16.24,16.65,16.78,16.04,15412,25458599.0,4.55,2.4,0.39,2.3
2021-09-07,002890,16.65,16.5,16.67,16.43,12082,19981566.0,1.44,-0.9,-0.15,1.8
2021-09-08,002890,16.57,17.32,17.39,16.47,21803,37120962.0,5.58,4.97,0.82,3.25
2021-09-09,002890,17.3,17.47,17.8,17.06,16774,29340170.0,4.27,0.87,0.15,2.5
2021-09-10,002890,17.46,16.86,17.48,16.73,16744,28487855.0,4.29,-3.49,-0.61,2.5
2021-09-13,002890,16.86,16.8,17.1,16.65,9140,15377764.0,2.67,-0.36,-0.06,1.36
2021-09-14,002890,16.8,16.42,16.8,16.38,9053,14961838.0,2.5,-2.26,-0.38,1.35
2021-09-15,002890,18.06,18.06,18.06,18.06,10583,19112175.0,0.0,9.99,1.64,1.58
2021-09-16,002890,19.86,18.22,19.86,17.89,67053,124445275.0,10.91,0.89,0.16,10.0
2021-09-17,002890,17.65,16.89,17.74,16.83,36181,61886942.0,4.99,-7.3,-1.33,5.4
2021-09-22,002890,16.5,17.12,17.17,15.94,24474,40436096.0,7.28,1.36,0.23,3.65
2021-09-23,002890,17.06,16.7,17.11,16.61,14663,24601860.0,2.92,-2.45,-0.42,2.19
2021-09-24,002890,16.53,15.9,16.84,15.9,16562,26953275.0,5.63,-4.79,-0.8,2.47
2021-09-27,002890,16.08,15.16,16.08,15.01,13137,20176827.0,6.73,-4.65,-0.74,1.96
2021-09-28,002890,15.33,15.64,15.75,15.09,7382,11403958.0,4.35,3.17,0.48,1.1
2021-09-29,002890,15.39,15.41,15.85,15.31,7119,11038486.0,3.45,-1.47,-0.23,1.06
2021-09-30,002890,15.41,15.73,15.8,15.35,5062,7920667.0,2.92,2.08,0.32,0.76
2021-10-08,002890,15.98,16.15,16.26,15.72,7183,11513645.0,3.43,2.67,0.42,1.07
2021-10-11,002890,16.3,15.86,16.3,15.77,8073,12817163.0,3.28,-1.8,-0.29,1.2
2021-10-12,002890,15.85,15.58,15.96,15.44,5567,8675780.0,3.28,-1.77,-0.28,0.83
2021-10-13,002890,16.1,15.88,16.1,15.66,4729,7518151.0,2.82,1.93,0.3,0.71
2021-10-14,002890,16.0,15.87,16.0,15.69,3352,5309462.0,1.95,-0.06,-0.01,0.5
2021-10-15,002890,15.87,15.92,16.08,15.81,5128,8166637.0,1.7,0.32,0.05,0.76
2021-10-18,002890,15.96,16.44,16.56,15.76,10892,17718274.0,5.03,3.27,0.52,1.62
2021-10-19,002890,16.3,16.23,16.47,16.16,6081,9921029.0,1.89,-1.28,-0.21,0.91
2021-10-20,002890,16.23,15.94,16.28,15.87,4715,7552383.0,2.53,-1.79,-0.29,0.7
2021-10-21,002890,15.82,15.75,16.0,15.71,3421,5406156.0,1.82,-1.19,-0.19,0.51
2021-10-22,002890,15.75,15.84,15.96,15.67,3488,5524981.0,1.84,0.57,0.09,0.52
2021-10-25,002890,15.84,15.64,15.9,15.51,3309,5182452.0,2.46,-1.26,-0.2,0.49
2021-10-26,002890,15.71,15.38,15.74,15.3,3663,5669867.0,2.81,-1.66,-0.26,0.55
2021-10-27,002890,15.39,15.03,15.4,14.82,4721,7121258.0,3.77,-2.28,-0.35,0.7
2021-10-28,002890,15.04,14.84,15.21,14.7,4790,7127190.0,3.39,-1.26,-0.19,0.71
2021-10-29,002890,14.84,15.3,15.32,14.71,4976,7500869.0,4.11,3.1,0.46,0.74
2021-11-01,002890,15.26,15.31,15.37,15.05,5420,8265824.0,2.09,0.07,0.01,0.81
2021-11-02,002890,15.3,14.99,15.43,14.83,4064,6141899.0,3.92,-2.09,-0.32,0.61
2021-11-03,002890,14.91,15.11,15.26,14.91,2575,3892584.0,2.33,0.8,0.12,0.38
2021-11-04,002890,15.18,15.03,15.26,14.9,6127,9217173.0,2.38,-0.53,-0.08,0.91
2021-11-05,002890,15.04,14.96,15.04,14.88,3069,4598063.0,1.06,-0.47,-0.07,0.46
2021-11-08,002890,15.07,15.11,15.15,14.96,3393,5114651.0,1.27,1.0,0.15,0.51
2021-11-09,002890,15.19,15.31,15.48,15.11,3643,5566970.0,2.45,1.32,0.2,0.54
2021-11-10,002890,15.31,15.43,15.43,15.11,4633,7078720.0,2.09,0.78,0.12,0.69
2021-11-11,002890,15.45,15.56,15.61,15.32,4576,7082990.0,1.88,0.84,0.13,0.68
2021-11-12,002890,15.56,15.6,15.66,15.41,3394,5276413.0,1.61,0.26,0.04,0.51
2021-11-15,002890,15.58,15.77,15.81,15.52,3519,5523468.0,1.86,1.09,0.17,0.52
2021-11-16,002890,15.81,16.06,16.38,15.7,12082,19379162.0,4.31,1.84,0.29,1.8
2021-11-17,002890,16.05,16.2,16.29,15.9,7732,12457905.0,2.43,0.87,0.14,1.15
2021-11-18,002890,16.24,15.92,16.39,15.85,7011,11280640.0,3.33,-1.73,-0.28,1.05
2021-11-19,002890,15.73,16.25,16.36,15.73,7977,12902471.0,3.96,2.07,0.33,1.19
2021-11-22,002890,16.2,16.16,16.39,16.15,5843,9484518.0,1.48,-0.55,-0.09,0.87
2021-11-23,002890,16.19,16.21,16.33,16.06,4293,6945698.0,1.67,0.31,0.05,0.64
2021-11-24,002890,16.21,16.19,16.26,16.06,5032,8128097.0,1.23,-0.12,-0.02,0.75
2021-11-25,002890,16.24,16.25,16.53,16.13,5756,9393996.0,2.47,0.37,0.06,0.86
2021-11-26,002890,16.27,16.04,16.27,16.0,4778,7685764.0,1.66,-1.29,-0.21,0.71
2021-11-29,002890,15.88,16.05,16.37,15.77,8574,13779853.0,3.74,0.06,0.01,1.28
2021-11-30,002890,16.05,16.37,16.49,16.05,7292,11924849.0,2.74,1.99,0.32,1.09
2021-12-01,002890,16.58,18.01,18.01,16.5,24464,42874848.0,9.22,10.02,1.64,3.65
2021-12-02,002890,18.33,17.1,18.4,17.08,44415,77774947.0,7.33,-5.05,-0.91,6.63
2021-12-03,002890,17.11,17.02,17.39,16.95,18863,32269191.0,2.57,-0.47,-0.08,2.81
2021-12-06,002890,17.0,16.53,17.0,16.53,14076,23497936.0,2.76,-2.88,-0.49,2.1
2021-12-07,002890,16.56,16.4,16.72,16.25,10556,17372998.0,2.84,-0.79,-0.13,1.57
2021-12-08,002890,16.5,16.55,16.65,16.3,7433,12257331.0,2.13,0.91,0.15,1.11
2021-12-09,002890,16.47,16.65,16.75,16.47,8863,14730742.0,1.69,0.6,0.1,1.32
2021-12-10,002890,16.6,16.95,17.0,16.5,12308,20687301.0,3.0,1.8,0.3,1.84
2021-12-13,002890,17.2,16.85,17.28,16.72,12094,20457511.0,3.3,-0.59,-0.1,1.8
2021-12-14,002890,16.85,16.93,17.09,16.47,14191,23711456.0,3.68,0.47,0.08,2.12
2021-12-15,002890,16.88,16.69,16.95,16.68,10022,16826177.0,1.59,-1.42,-0.24,1.49
2021-12-16,002890,16.71,16.99,17.06,16.7,10654,18052050.0,2.16,1.8,0.3,1.59
2021-12-17,002890,17.2,16.79,17.2,16.7,8310,13988021.0,2.94,-1.18,-0.2,1.24
2021-12-20,002890,16.7,16.8,17.09,16.67,9693,16403459.0,2.5,0.06,0.01,1.45
2021-12-21,002890,16.81,17.33,17.46,16.73,16998,29237698.0,4.35,3.15,0.53,2.54
2021-12-22,002890,17.3,17.13,17.56,17.12,9638,16646216.0,2.54,-1.15,-0.2,1.44
2021-12-23,002890,17.12,16.79,17.12,16.66,9943,16749178.0,2.69,-1.98,-0.34,1.48
2021-12-24,002890,16.79,16.34,17.0,16.32,9648,15940680.0,4.05,-2.68,-0.45,1.44
2021-12-27,002890,16.5,16.58,16.69,16.01,10164,16637032.0,4.16,1.47,0.24,1.52
2021-12-28,002890,16.74,17.1,17.68,16.59,20108,34529136.0,6.57,3.14,0.52,3.0
2021-12-29,002890,17.05,17.02,17.13,16.61,12755,21558292.0,3.04,-0.47,-0.08,1.9
2021-12-30,002890,17.02,17.45,17.5,16.95,13168,22823727.0,3.23,2.53,0.43,1.96
2021-12-31,002890,17.45,17.43,17.53,17.22,10399,18125469.0,1.78,-0.11,-0.02,1.55
2022-01-04,002890,17.5,17.68,17.78,17.48,14719,25969001.0,1.72,1.43,0.25,2.2
2022-01-05,002890,17.57,17.99,18.72,17.41,24357,43597958.0,7.41,1.75,0.31,3.63
2022-01-06,002890,17.85,17.81,17.98,17.58,16318,28990679.0,2.22,-1.0,-0.18,2.43
2022-01-07,002890,17.81,17.35,18.0,17.34,14622,25738579.0,3.71,-2.58,-0.46,2.18
2022-01-10,002890,17.44,17.64,17.68,17.25,8495,14924370.0,2.48,1.67,0.29,1.27
2022-01-11,002890,17.67,17.59,18.05,17.51,9411,16688532.0,3.06,-0.28,-0.05,1.4
2022-01-12,002890,17.5,18.13,18.33,17.5,17646,31904692.0,4.72,3.07,0.54,2.63
2022-01-13,002890,17.95,18.05,18.4,17.9,9791,17750449.0,2.76,-0.44,-0.08,1.46
2022-01-14,002890,18.05,17.75,18.39,17.73,11605,20896984.0,3.66,-1.66,-0.3,1.73
2022-01-17,002890,17.7,17.97,18.09,17.7,6933,12421713.0,2.2,1.24,0.22,1.03
2022-01-18,002890,18.68,17.42,18.68,17.3,15834,27817524.0,7.68,-3.06,-0.55,2.36
2022-01-19,002890,17.25,17.87,18.19,17.25,14252,25428259.0,5.4,2.58,0.45,2.13
2022-01-20,002890,17.76,16.92,17.87,16.91,11527,19898480.0,5.37,-5.32,-0.95,1.72
2022-01-21,002890,16.99,17.15,17.42,16.9,9156,15712137.0,3.07,1.36,0.23,1.37
2022-01-24,002890,17.22,16.9,17.27,16.73,5278,8969898.0,3.15,-1.46,-0.25,0.79
2022-01-25,002890,16.98,16.14,17.08,15.37,7464,12291565.0,10.12,-4.5,-0.76,1.11
2022-01-26,002890,16.14,16.3,16.48,16.0,5911,9609374.0,2.97,0.99,0.16,0.88
2022-01-27,002890,16.19,15.6,16.25,15.57,8662,13643447.0,4.17,-4.29,-0.7,1.29
2022-01-28,002890,15.62,16.32,16.59,15.62,7840,12656258.0,6.22,4.62,0.72,1.17
2022-02-07,002890,16.83,16.93,17.14,16.27,8387,14041234.0,5.33,3.74,0.61,1.25
2022-02-08,002890,17.06,17.25,17.41,16.81,9274,15908749.0,3.54,1.89,0.32,1.38
2022-02-09,002890,17.34,17.2,17.4,17.05,5114,8809215.0,2.03,-0.29,-0.05,0.76
2022-02-10,002890,17.1,16.99,17.27,16.85,6094,10340556.0,2.44,-1.22,-0.21,0.91
2022-02-11,002890,16.92,16.51,16.96,16.46,5246,8732129.0,2.94,-2.83,-0.48,0.78
2022-02-14,002890,16.85,16.68,17.17,16.59,8679,14610776.0,3.51,1.03,0.17,1.29
2022-02-15,002890,16.69,16.68,17.04,16.46,7010,11679776.0,3.48,0.0,0.0,1.05
2022-02-16,002890,16.77,17.19,17.19,16.75,10343,17613694.0,2.64,3.06,0.51,1.54
2022-02-17,002890,17.17,17.38,17.5,17.05,11781,20437166.0,2.62,1.11,0.19,1.76
2022-02-18,002890,17.43,17.47,17.48,17.07,7818,13522083.0,2.36,0.52,0.09,1.17
2022-02-21,002890,17.45,17.71,17.76,17.32,8129,14316508.0,2.52,1.37,0.24,1.21
2022-02-22,002890,17.79,17.49,17.82,17.33,11776,20618056.0,2.77,-1.24,-0.22,1.76
2022-02-23,002890,18.09,17.65,18.87,17.5,34586,62212587.0,7.83,0.91,0.16,5.16
2022-02-24,002890,17.15,17.77,18.63,17.15,34431,61657494.0,8.39,0.68,0.12,5.14
2022-02-25,002890,17.77,17.56,18.06,17.52,15968,28290903.0,3.04,-1.18,-0.21,2.38
2022-02-28,002890,17.66,17.43,17.66,17.08,10063,17476161.0,3.3,-0.74,-0.13,1.5
2022-03-01,002890,17.45,17.85,17.9,17.43,13477,23982105.0,2.7,2.41,0.42,2.01
2022-03-02,002890,17.8,17.9,18.03,17.7,10339,18501213.0,1.85,0.28,0.05,1.54
2022-03-03,002890,17.95,17.7,18.17,17.55,9983,17706999.0,3.46,-1.12,-0.2,1.49
2022-03-04,002890,17.55,17.35,17.77,17.27,9029,15762212.0,2.82,-1.98,-0.35,1.35
2022-03-07,002890,17.33,17.0,17.48,16.95,7807,13408644.0,3.05,-2.02,-0.35,1.16
2022-03-08,002890,17.02,16.43,17.13,16.36,10455,17410450.0,4.53,-3.35,-0.57,1.56
2022-03-09,002890,16.58,16.15,16.64,15.42,10492,16939418.0,7.43,-1.7,-0.28,1.57
2022-03-10,002890,16.25,16.41,16.69,16.25,8042,13292552.0,2.72,1.61,0.26,1.2
2022-03-11,002890,16.3,16.62,16.68,16.01,6848,11164750.0,4.08,1.28,0.21,1.02
2022-03-14,002890,16.51,16.19,16.68,16.18,6284,10305299.0,3.01,-2.59,-0.43,0.94
2022-03-15,002890,16.12,15.25,16.12,15.24,10071,15858592.0,5.44,-5.81,-0.94,1.5
2022-03-16,002890,15.33,15.72,15.76,15.28,7408,11500475.0,3.15,3.08,0.47,1.11
2022-03-17,002890,15.75,15.78,16.06,15.62,7232,11501659.0,2.8,0.38,0.06,1.08
2022-03-18,002890,15.8,16.26,16.33,15.7,7264,11699986.0,3.99,3.04,0.48,1.08
2022-03-21,002890,16.35,16.59,16.62,16.26,8796,14493038.0,2.21,2.03,0.33,1.31
2022-03-22,002890,16.7,16.37,16.7,16.23,7621,12509930.0,2.83,-1.33,-0.22,1.14
2022-03-23,002890,16.55,16.36,16.56,16.26,5620,9221855.0,1.83,-0.06,-0.01,0.84
2022-03-24,002890,16.35,16.09,16.35,16.07,5037,8134665.0,1.71,-1.65,-0.27,0.75
2022-03-25,002890,16.15,15.92,16.32,15.92,10465,16894873.0,2.49,-1.06,-0.17,1.56
2022-03-28,002890,15.9,15.84,16.04,15.6,5889,9289117.0,2.76,-0.5,-0.08,0.88
2022-03-29,002890,16.0,15.67,16.0,15.55,7389,11618192.0,2.84,-1.07,-0.17,1.1
2022-03-30,002890,15.71,15.74,15.82,15.55,4885,7673143.0,1.72,0.45,0.07,0.73
2022-03-31,002890,15.75,16.04,16.11,15.7,6592,10509136.0,2.6,1.91,0.3,0.98
2022-04-01,002890,15.93,15.84,16.04,15.63,7944,12530087.0,2.56,-1.25,-0.2,1.19
2022-04-06,002890,15.75,16.18,16.33,15.75,8952,14435419.0,3.66,2.15,0.34,1.34
2022-04-07,002890,16.1,15.75,16.21,15.68,5643,8961170.0,3.28,-2.66,-0.43,0.84
2022-04-08,002890,15.82,15.54,15.91,15.32,6566,10181705.0,3.75,-1.33,-0.21,0.98
2022-04-11,002890,15.54,15.08,15.54,14.72,8745,13198671.0,5.28,-2.96,-0.46,1.3
2022-04-12,002890,15.08,15.63,15.64,14.8,10470,15900344.0,5.57,3.65,0.55,1.56
2022-04-13,002890,15.63,15.68,15.89,15.62,15525,24481758.0,1.73,0.32,0.05,2.32
2022-04-14,002890,15.64,15.95,16.04,15.58,13076,20694036.0,2.93,1.72,0.27,1.95
2022-04-15,002890,16.09,15.98,16.09,15.76,10838,17262682.0,2.07,0.19,0.03,1.62
2022-04-18,002890,15.8,16.52,16.58,15.6,12517,20383830.0,6.13,3.38,0.54,1.87
2022-04-19,002890,16.6,16.98,17.0,16.41,15686,26367324.0,3.57,2.78,0.46,2.34
2022-04-20,002890,16.96,18.68,18.68,16.96,39238,71023075.0,10.13,10.01,1.7,5.85
2022-04-21,002890,19.68,18.16,20.55,17.5,128215,246948326.0,16.33,-2.78,-0.52,19.13
2022-04-22,002890,16.34,16.34,16.99,16.34,52353,85631970.0,3.58,-10.02,-1.82,7.81
2022-04-25,002890,15.35,14.71,15.97,14.71,47943,71673329.0,7.71,-9.98,-1.63,7.15
2022-04-26,002890,14.0,13.24,14.4,13.24,37296,51245241.0,7.89,-9.99,-1.47,5.56
2022-04-27,002890,12.42,13.29,13.51,12.42,25189,32605027.0,8.23,0.38,0.05,3.76
2022-04-28,002890,13.24,13.0,13.34,12.71,17645,22997479.0,4.74,-2.18,-0.29,2.63
2022-04-29,002890,13.12,13.71,13.92,13.12,18156,24736496.0,6.15,5.46,0.71,2.71
2022-05-05,002890,13.83,13.96,14.3,13.55,13328,18678091.0,5.47,1.82,0.25,1.99
2022-05-06,002890,13.93,13.65,13.94,13.53,9982,13707360.0,2.94,-2.22,-0.31,1.49
2022-05-09,002890,13.64,13.86,14.03,13.55,7872,10940087.0,3.52,1.54,0.21,1.17
2022-05-10,002890,13.74,13.86,13.94,13.64,7867,10877161.0,2.16,0.0,0.0,1.17
2022-05-11,002890,13.9,14.03,14.21,13.87,19819,27902780.0,2.45,1.23,0.17,2.96
2022-05-12,002890,14.18,14.19,14.54,13.91,10156,14471143.0,4.49,1.14,0.16,1.51
2022-05-13,002890,14.3,14.36,14.54,14.13,9744,13979149.0,2.89,1.2,0.17,1.45
2022-05-16,002890,14.99,14.38,15.0,14.31,12901,18786833.0,4.81,0.14,0.02,1.92
2022-05-17,002890,14.38,14.4,14.57,14.04,8164,11657666.0,3.69,0.14,0.02,1.22
2022-05-18,002890,14.4,14.53,14.69,14.39,9918,14454617.0,2.08,0.9,0.13,1.48
2022-05-19,002890,14.24,14.63,14.7,14.23,7477,10882200.0,3.23,0.69,0.1,1.12
2022-05-20,002890,14.63,14.85,14.98,14.63,7735,11447510.0,2.39,1.5,0.22,1.15
2022-05-23,002890,14.88,15.0,15.25,14.79,5405,8090953.0,3.1,1.01,0.15,0.81
2022-05-24,002890,15.0,14.36,15.11,14.35,9036,13239952.0,5.07,-4.27,-0.64,1.35
2022-05-25,002890,14.38,14.66,14.66,14.3,9151,13291510.0,2.51,2.09,0.3,1.37
2022-05-26,002890,14.71,14.82,15.88,14.16,23887,35428530.0,11.73,1.09,0.16,3.56
2022-05-27,002890,14.81,14.73,15.05,14.57,13217,19569798.0,3.24,-0.61,-0.09,1.97
2022-05-30,002890,14.73,14.64,14.86,14.54,12716,18639363.0,2.17,-0.61,-0.09,1.9
2022-05-31,002890,14.65,14.72,14.74,14.41,10490,15347747.0,2.25,0.55,0.08,1.56
2022-06-01,002890,14.75,14.9,14.99,14.6,11666,17327546.0,2.65,1.22,0.18,1.74
2022-06-02,002890,14.85,15.1,15.15,14.65,9938,14857661.0,3.36,1.34,0.2,1.48
2022-06-06,002890,15.06,15.33,15.5,15.06,11965,18341763.0,2.91,1.52,0.23,1.78
2022-06-07,002890,15.48,15.08,15.48,15.04,8560,12964788.0,2.87,-1.63,-0.25,1.28
2022-06-08,002890,15.05,15.04,15.13,14.8,8898,13340211.0,2.19,-0.27,-0.04,1.33
2022-06-09,002890,15.06,14.74,15.1,14.67,8381,12418651.0,2.86,-1.99,-0.3,1.25
2022-06-10,002890,14.66,14.98,15.05,14.57,7647,11431039.0,3.26,1.63,0.24,1.14
2022-06-13,002890,14.81,15.12,15.2,14.8,8013,12059015.0,2.67,0.93,0.14,1.2
2022-06-14,002890,15.1,15.1,15.16,14.7,11722,17467217.0,3.04,-0.13,-0.02,1.75
2022-06-15,002890,15.09,14.95,15.24,14.95,7880,11890165.0,1.92,-0.99,-0.15,1.18
2022-06-16,002890,14.95,15.09,15.3,14.95,9648,14597865.0,2.34,0.94,0.14,1.44
2022-06-17,002890,15.02,15.0,15.24,14.81,5674,8500863.0,2.85,-0.6,-0.09,0.85
2022-06-20,002890,15.09,15.23,15.35,14.97,9278,14111065.0,2.53,1.53,0.23,1.38
2022-06-21,002890,15.27,15.23,15.39,15.05,10518,15990505.0,2.23,0.0,0.0,1.57
2022-06-22,002890,15.26,14.93,15.26,14.91,6102,9182638.0,2.3,-1.97,-0.3,0.91
2022-06-23,002890,14.92,15.25,15.31,14.92,8806,13395516.0,2.61,2.14,0.32,1.31
2022-06-24,002890,15.35,15.94,15.96,15.21,18333,28838168.0,4.92,4.52,0.69,2.73
2022-06-27,002890,15.9,15.63,15.9,15.56,10040,15736259.0,2.13,-1.94,-0.31,1.5
2022-06-28,002890,15.56,17.19,17.19,15.56,31216,52107914.0,10.43,9.98,1.56,4.66
2022-06-29,002890,16.33,16.42,17.29,16.32,41678,69677724.0,5.64,-4.48,-0.77,6.22
2022-06-30,002890,16.42,16.73,17.0,16.21,24766,40948953.0,4.81,1.89,0.31,3.44
2022-07-01,002890,16.65,16.77,17.05,16.53,16667,27899905.0,3.11,0.24,0.04,2.31
2022-07-04,002890,16.84,16.66,16.99,16.45,11638,19281774.0,3.22,-0.66,-0.11,1.62
2022-07-05,002890,16.6,16.36,16.69,16.15,11951,19557670.0,3.24,-1.8,-0.3,1.66
2022-07-06,002890,16.29,16.35,16.45,16.1,8015,13024296.0,2.14,-0.06,-0.01,1.11
2022-07-07,002890,16.4,16.59,17.13,16.29,15623,26109375.0,5.14,1.47,0.24,2.17
2022-07-08,002890,16.72,16.44,16.78,16.4,10507,17378887.0,2.29,-0.9,-0.15,1.46
2022-07-11,002890,16.38,16.4,16.52,16.15,5812,9467423.0,2.25,-0.24,-0.04,0.81
2022-07-12,002890,16.41,16.11,16.54,16.07,8006,12969172.6,2.87,-1.77,-0.29,1.11
2022-07-13,002890,16.11,16.48,16.55,15.97,10317,16887801.8,3.6,2.3,0.37,1.43
2022-07-14,002890,16.65,16.37,16.65,16.28,4643,7617964.2,2.25,-0.67,-0.11,0.64
2022-07-15,002890,16.37,15.98,16.47,15.98,8822,14237887.0,2.99,-2.38,-0.39,1.22
2022-07-18,002890,15.95,16.39,16.55,15.95,9592,15732390.8,3.75,2.57,0.41,1.33
2022-07-19,002890,16.41,16.69,16.73,16.31,8636,14318156.6,2.56,1.83,0.3,1.2
2022-07-20,002890,16.69,16.72,16.82,16.51,6237,10417790.2,1.86,0.18,0.03,0.87
2022-07-21,002890,16.7,16.56,16.85,16.5,5943,9907011.1,2.09,-0.96,-0.16,0.83
2022-07-22,002890,16.57,16.77,16.86,16.57,9385,15711925.0,1.75,1.27,0.21,1.3
2022-07-25,002890,16.76,16.82,17.12,16.66,10353,17505630.6,2.74,0.3,0.05,1.44
2022-07-26,002890,16.72,16.96,16.96,16.35,8673,14473875.4,3.63,0.83,0.14,1.2
2022-07-27,002890,16.89,17.07,17.13,16.81,7159,12190722.2,1.89,0.65,0.11,0.99
2022-07-28,002890,17.14,17.55,17.8,17.07,16394,28600812.4,4.28,2.81,0.48,2.28
2022-07-29,002890,17.5,17.46,17.87,17.3,14486,25486817.2,3.25,-0.51,-0.09,2.01
2022-08-01,002890,17.83,18.63,18.64,17.51,34079,62294233.7,6.47,6.7,1.17,4.73
2022-08-02,002890,18.55,18.41,19.0,18.0,35485,65660237.1,5.37,-1.18,-0.22,4.93
2022-08-03,002890,18.77,19.58,19.88,18.42,40201,77853211.1,7.93,6.36,1.17,5.58
2022-08-04,002890,19.36,19.66,19.66,19.05,22298,43122003.8,3.12,0.41,0.08,3.1
2022-08-05,002890,19.75,20.18,20.56,19.3,31105,62352999.6,6.41,2.64,0.52,4.32
2022-08-08,002890,20.13,20.33,20.45,19.87,16243,32800599.6,2.87,0.74,0.15,2.25
2022-08-09,002890,20.4,21.18,21.38,20.14,20372,42751771.8,6.1,4.18,0.85,2.83
2022-08-10,002890,21.36,21.78,21.78,20.92,17530,37688868.5,4.06,2.83,0.6,2.43
2022-08-11,002890,22.01,21.24,22.67,20.81,40747,87443128.0,8.54,-2.48,-0.54,5.66
2022-08-12,002890,20.96,22.7,23.1,20.93,34421,76215634.0,10.22,6.87,1.46,4.78
2022-08-15,002890,22.13,23.36,23.58,22.13,25595,59037492.8,6.39,2.91,0.66,3.55
2022-08-16,002890,23.4,23.59,23.79,22.9,17349,40513052.8,3.81,0.98,0.23,2.41
2022-08-17,002890,23.67,22.62,23.77,22.4,30554,69725868.0,5.81,-4.11,-0.97,4.24
2022-08-18,002890,22.62,22.98,23.33,22.2,24379,55789301.2,5.0,1.59,0.36,3.38
2022-08-19,002890,23.08,23.06,23.56,22.89,14228,32963989.4,2.92,0.35,0.08,1.98
2022-08-22,002890,23.05,22.67,23.39,22.43,13375,30315172.2,4.16,-1.69,-0.39,1.86
2022-08-23,002890,22.92,22.62,23.17,22.16,10742,24161129.6,4.46,-0.22,-0.05,1.49
2022-08-24,002890,22.65,21.95,22.81,21.71,10282,22797746.8,4.86,-2.96,-0.67,1.43
2022-08-25,002890,22.3,21.17,22.3,20.85,14891,31688967.2,6.61,-3.55,-0.78,2.07
2022-08-26,002890,19.97,20.72,21.8,19.97,13325,27947173.6,8.64,-2.13,-0.45,1.85
2022-08-29,002890,20.93,21.43,21.66,20.11,11960,25381687.0,7.48,3.43,0.71,1.66
2022-08-30,002890,21.29,20.5,21.79,20.4,19493,40949636.6,6.49,-4.34,-0.93,2.71
2022-08-31,002890,20.92,19.86,20.99,19.68,19259,38420304.5,6.39,-3.12,-0.64,2.67
2022-09-01,002890,19.8,19.91,20.25,19.44,7525,14940654.4,4.08,0.25,0.05,1.04
2022-09-02,002890,20.0,20.22,20.41,19.46,11977,24030653.6,4.77,1.56,0.31,1.66
2022-09-05,002890,20.48,21.07,21.4,20.18,15241,31799854.0,6.03,4.2,0.85,2.12
2022-09-06,002890,20.99,20.72,21.03,20.56,9780,20297902.6,2.23,-1.66,-0.35,1.36
2022-09-07,002890,21.0,21.04,21.35,20.7,10539,22065825.0,3.14,1.54,0.32,1.46
2022-09-08,002890,21.04,21.04,21.53,20.92,7755,16440694.2,2.9,0.0,0.0,1.08
2022-09-09,002890,20.81,20.53,21.05,20.46,6269,12937865.0,2.8,-2.42,-0.51,0.87
2022-09-13,002890,20.54,21.18,21.2,20.39,7978,16613907.2,3.95,3.17,0.65,1.11
2022-09-14,002890,21.11,20.76,21.12,20.46,6825,14151126.8,3.12,-1.98,-0.42,0.95
2022-09-15,002890,20.85,20.26,20.95,20.1,7635,15479912.8,4.09,-2.41,-0.5,1.06
2022-09-16,002890,20.85,19.79,20.85,19.0,7686,15257180.6,9.13,-2.32,-0.47,1.07
2022-09-19,002890,19.72,19.65,19.93,19.25,6485,12633386.0,3.44,-0.71,-0.14,0.9
2022-09-20,002890,19.5,19.04,19.8,18.81,12000,23005967.2,5.04,-3.1,-0.61,1.67
2022-09-21,002890,19.07,18.63,19.18,18.18,12056,22336150.0,5.25,-2.15,-0.41,1.67
2022-09-22,002890,18.69,18.75,19.1,18.59,12096,22757701.6,2.74,0.64,0.12,1.68
2022-09-23,002890,18.76,18.1,18.76,17.97,8818,16179266.6,4.21,-3.47,-0.65,1.22
2022-09-26,002890,18.13,17.15,18.14,17.15,14807,25997453.9,5.47,-5.25,-0.95,2.06
2022-09-27,002890,18.1,17.53,18.44,16.65,27747,48377797.8,10.44,2.22,0.38,3.85
2022-09-28,002890,17.53,16.7,17.59,16.7,14402,24692769.0,5.08,-4.73,-0.83,2.0
2022-09-29,002890,16.9,16.71,17.16,16.5,11561,19359004.5,3.95,0.06,0.01,1.6
2022-09-30,002890,16.71,16.4,16.94,15.86,23963,39197697.2,6.46,-1.86,-0.31,3.33
2022-10-10,002890,16.55,16.5,17.08,16.37,10808,18044519.2,4.33,0.61,0.1,1.5
2022-10-11,002890,16.57,16.05,16.65,15.88,7277,11725558.4,4.67,-2.73,-0.45,1.01
2022-10-12,002890,16.28,16.8,16.8,15.74,7191,11722605.0,6.6,4.67,0.75,1.0
2022-10-13,002890,16.8,17.02,17.12,16.51,6886,11607098.0,3.63,1.31,0.22,0.96
2022-10-14,002890,17.02,17.22,17.45,16.8,9470,16220555.4,3.82,1.18,0.2,1.31
2022-10-17,002890,17.22,17.37,17.41,17.01,5954,10303854.0,2.32,0.87,0.15,0.83
2022-10-18,002890,17.3,17.53,17.8,17.14,8851,15483887.0,3.8,0.92,0.16,1.23
2022-10-19,002890,17.44,17.33,17.72,17.21,6908,12088355.0,2.91,-1.14,-0.2,0.96
2022-10-20,002890,17.37,17.3,17.64,17.01,7763,13451086.6,3.64,-0.17,-0.03,1.08
2022-10-21,002890,17.53,17.37,17.53,17.18,3635,6319284.6,2.02,0.4,0.07,0.5
2022-10-24,002890,17.34,17.36,17.86,17.2,11696,20509630.1,3.8,-0.06,-0.01,1.62
2022-10-25,002890,17.34,17.17,17.44,16.9,5907,10155082.0,3.11,-1.09,-0.19,0.82
2022-10-26,002890,17.35,17.93,18.12,17.23,11059,19556781.3,5.18,4.43,0.76,1.54
2022-10-27,002890,17.76,18.34,18.55,17.76,11858,21699083.0,4.41,2.29,0.41,1.65
2022-10-28,002890,17.95,17.62,18.65,17.58,9917,17935762.2,5.83,-3.93,-0.72,1.38
2022-10-31,002890,17.81,17.28,18.06,17.17,15041,26424641.0,5.05,-1.93,-0.34,2.09
2022-11-01,002890,17.48,18.36,18.36,17.28,13581,24446864.0,6.25,6.25,1.08,1.89
2022-11-02,002890,18.36,18.2,18.72,18.04,11846,21723518.8,3.7,-0.87,-0.16,1.64
2022-11-03,002890,18.01,19.12,19.56,18.0,18528,35056728.2,8.57,5.05,0.92,2.57
2022-11-04,002890,19.09,19.36,19.79,18.68,27979,54111565.5,5.81,1.26,0.24,3.88
2022-11-07,002890,19.36,19.4,19.71,18.94,14676,28306275.4,3.98,0.21,0.04,2.04
2022-11-08,002890,19.52,19.8,19.95,19.2,13129,25799953.6,3.87,2.06,0.4,1.82
2022-11-09,002890,19.73,20.18,20.18,19.55,12830,25619276.6,3.18,1.92,0.38,1.78
2022-11-10,002890,19.85,19.59,20.8,19.51,23714,47538775.1,6.39,-2.92,-0.59,3.29
2022-11-11,002890,19.32,19.75,20.21,19.32,18285,36271348.0,4.54,0.82,0.16,2.54
2022-11-14,002890,19.7,19.18,19.75,19.15,10507,20399325.6,3.04,-2.89,-0.57,1.46
2022-11-15,002890,19.24,19.06,19.34,19.0,7369,14094991.1,1.77,-0.63,-0.12,1.02
2022-11-16,002890,19.33,18.9,19.43,18.81,10471,19977729.0,3.25,-0.84,-0.16,1.45
2022-11-17,002890,19.07,19.04,19.09,18.68,10894,20546776.0,2.17,0.74,0.14,1.51
2022-11-18,002890,19.04,18.87,19.15,18.8,5687,10775858.8,1.84,-0.89,-0.17,0.79
2022-11-21,002890,19.01,19.78,19.88,18.61,15552,29801611.8,6.73,4.82,0.91,2.16
2022-11-22,002890,19.74,19.25,20.0,19.2,9918,19455372.6,4.04,-2.68,-0.53,1.38
2022-11-23,002890,19.3,19.12,19.53,18.71,7335,13924232.4,4.26,-0.68,-0.13,1.02
2022-11-24,002890,19.12,18.97,19.19,18.77,5688,10771752.0,2.2,-0.78,-0.15,0.79
2022-11-25,002890,18.98,18.99,19.11,18.83,5541,10515839.2,1.48,0.11,0.02,0.77
2022-11-28,002890,18.9,18.8,18.98,18.46,6351,11908331.3,2.74,-1.0,-0.19,0.88
2022-11-29,002890,19.08,18.63,19.08,18.35,14584,27179673.0,3.88,-0.9,-0.17,2.02
2022-11-30,002890,18.6,18.93,19.08,18.6,9349,17618938.0,2.58,1.61,0.3,1.3
2022-12-01,002890,19.06,19.26,19.37,18.77,10213,19506819.0,3.17,1.74,0.33,1.42
2022-12-02,002890,19.39,19.51,20.1,19.25,11436,22371945.0,4.41,1.3,0.25,1.59
2022-12-05,002890,19.65,19.71,19.8,19.37,5289,10374263.4,2.2,1.03,0.2,0.73
2022-12-06,002890,19.99,19.37,19.99,19.15,7238,14030280.6,4.26,-1.73,-0.34,1.0
2022-12-07,002890,19.37,19.28,19.61,19.0,9284,17901413.0,3.15,-0.46,-0.09,1.29
2022-12-08,002890,19.39,19.34,19.58,19.19,8072,15659180.0,2.02,0.31,0.06,1.12
2022-12-09,002890,19.43,19.19,19.59,19.02,13824,26550009.0,2.95,-0.78,-0.15,1.92
2022-12-12,002890,19.15,19.02,19.46,18.63,9458,18124477.6,4.33,-0.89,-0.17,1.31
2022-12-13,002890,19.1,18.96,19.39,18.8,9879,18847571.4,3.1,-0.32,-0.06,1.37
2022-12-14,002890,18.96,18.91,19.18,18.1,7234,13660084.6,5.7,-0.26,-0.05,1.0
2022-12-15,002890,18.79,19.16,19.22,18.69,7465,14213100.8,2.8,1.32,0.25,1.04
2022-12-16,002890,19.33,18.41,19.33,18.35,10309,19216531.2,5.11,-3.91,-0.75,1.43
2022-12-19,002890,18.42,17.67,18.59,17.57,8691,15483735.0,5.54,-4.02,-0.74,1.21
2022-12-20,002890,18.16,17.99,18.17,17.37,8266,14773231.2,4.53,1.81,0.32,1.15
2022-12-21,002890,18.09,17.68,18.18,17.55,7872,13955544.4,3.5,-1.72,-0.31,1.09
2022-12-22,002890,17.67,17.43,18.0,17.25,7828,13750520.0,4.24,-1.41,-0.25,1.09
2022-12-23,002890,17.43,17.22,17.6,17.0,5005,8616661.6,3.44,-1.2,-0.21,0.69
2022-12-26,002890,17.36,17.61,17.71,17.16,9232,16118083.6,3.19,2.26,0.39,1.28
2022-12-27,002890,17.75,17.82,17.84,17.44,5006,8819323.0,2.27,1.19,0.21,0.69
2022-12-28,002890,17.8,17.38,17.87,17.28,4636,8132001.0,3.31,-2.47,-0.44,0.64
2022-12-29,002890,17.47,17.05,17.48,17.0,5637,9651965.2,2.76,-1.9,-0.33,0.78
2022-12-30,002890,17.29,17.52,17.62,16.87,6861,11875929.0,4.4,2.76,0.47,0.95
2023-01-03,002890,17.57,18.0,18.0,17.32,5672,10110761.6,3.88,2.74,0.48,0.66
2023-01-04,002890,17.96,17.93,18.16,17.72,6064,10888670.6,2.44,-0.39,-0.07,0.7
2023-01-05,002890,18.12,18.23,18.38,17.81,5659,10268324.2,3.18,1.67,0.3,0.65
2023-01-06,002890,18.23,18.45,18.8,18.01,9264,17133986.2,4.33,1.21,0.22,1.07
2023-01-09,002890,18.47,18.39,18.55,18.17,5250,9669054.0,2.06,-0.33,-0.06,0.61
2023-01-10,002890,18.29,18.33,18.58,18.19,4815,8822192.0,2.12,-0.33,-0.06,0.56
2023-01-11,002890,18.39,17.96,18.48,17.92,6861,12479222.4,3.06,-2.02,-0.37,0.79
2023-01-12,002890,17.86,17.94,18.16,17.73,5648,10110785.0,2.39,-0.11,-0.02,0.65
2023-01-13,002890,18.12,17.8,18.12,17.66,4083,7272790.2,2.56,-0.78,-0.14,0.47
2023-01-16,002890,18.01,17.89,18.1,17.65,5852,10478130.4,2.53,0.51,0.09,0.68
2023-01-17,002890,18.22,18.18,18.22,17.81,7028,12712394.0,2.29,1.62,0.29,0.81
2023-01-18,002890,18.15,18.22,18.39,18.05,5541,10099806.0,1.87,0.22,0.04,0.64
2023-01-19,002890,18.22,18.46,18.59,18.09,5495,10124986.8,2.74,1.32,0.24,0.64
2023-01-20,002890,18.61,18.59,18.77,18.42,4526,8420978.0,1.9,0.7,0.13,0.52
2023-01-30,002890,18.91,19.13,19.36,18.7,8077,15415136.1,3.55,2.9,0.54,0.93
2023-01-31,002890,19.0,19.29,19.3,18.97,6175,11844411.4,1.73,0.84,0.16,0.71
2023-02-01,002890,19.29,19.57,19.63,19.28,8738,17031153.2,1.81,1.45,0.28,1.01
2023-02-02,002890,19.57,19.43,19.72,19.31,7279,14172878.2,2.1,-0.72,-0.14,0.84
2023-02-03,002890,19.43,19.41,19.58,19.16,6592,12758589.0,2.16,-0.1,-0.02,0.76
2023-02-06,002890,19.38,19.41,19.65,19.28,7660,14883150.0,1.91,0.0,0.0,0.89
2023-02-07,002890,19.41,19.47,19.6,19.15,6982,13535094.0,2.32,0.31,0.06,0.81
2023-02-08,002890,19.58,19.71,20.05,19.38,11502,22666128.0,3.44,1.23,0.24,1.33
2023-02-09,002890,19.61,19.84,20.07,18.9,10379,20575090.8,5.94,0.66,0.13,1.2
2023-02-10,002890,19.7,19.59,19.98,19.49,10897,21443646.0,2.47,-1.26,-0.25,1.26
2023-02-13,002890,19.65,20.12,20.45,19.58,13573,27214576.4,4.44,2.71,0.53,1.57
2023-02-14,002890,20.39,19.87,20.39,19.6,12974,25766388.6,3.93,-1.24,-0.25,1.5
2023-02-15,002890,20.0,19.93,20.08,19.72,7818,15555737.9,1.81,0.3,0.06,0.9
2023-02-16,002890,19.99,19.27,19.99,18.95,14582,28414804.6,5.22,-3.31,-0.66,1.69
2023-02-17,002890,19.03,19.3,19.6,19.03,10335,19973599.8,2.96,0.16,0.03,1.19
2023-02-20,002890,19.22,19.32,19.39,18.99,8302,15939813.4,2.07,0.1,0.02,0.96
2023-02-21,002890,19.34,19.32,19.55,19.08,9961,19254584.5,2.43,0.0,0.0,1.15
2023-02-22,002890,19.32,19.29,19.4,19.0,9064,17410800.2,2.07,-0.16,-0.03,1.05
2023-02-23,002890,19.48,19.26,19.48,19.07,7629,14695507.0,2.13,-0.16,-0.03,0.88
2023-02-24,002890,19.52,19.14,19.52,19.0,5248,10043811.8,2.7,-0.62,-0.12,0.61
2023-02-27,002890,19.14,19.03,19.35,19.0,6781,12998899.0,1.83,-0.57,-0.11,0.78
2023-02-28,002890,19.03,19.12,19.25,18.89,6895,13148414.4,1.89,0.47,0.09,0.8
2023-03-01,002890,19.2,19.68,19.98,19.12,15500,30409544.4,4.5,2.93,0.56,1.79
2023-03-02,002890,19.98,19.5,19.98,19.41,7408,14557909.7,2.9,-0.91,-0.18,0.86
2023-03-03,002890,19.62,19.51,19.77,19.26,7154,13951306.6,2.62,0.05,0.01,0.83
2023-03-06,002890,19.73,19.1,19.75,19.0,7616,14609264.8,3.84,-2.1,-0.41,0.88
2023-03-07,002890,19.1,18.71,19.29,18.7,10292,19459579.0,3.09,-2.04,-0.39,1.19
2023-03-08,002890,18.71,18.94,19.0,18.59,6494,12247823.0,2.19,1.23,0.23,0.75
2023-03-09,002890,18.94,19.13,19.24,18.83,4419,8430056.0,2.16,1.0,0.19,0.51
2023-03-10,002890,19.27,18.92,19.42,18.64,7089,13526290.4,4.08,-1.1,-0.21,0.82
2023-03-13,002890,18.84,19.06,19.27,18.76,8898,16879987.6,2.7,0.74,0.14,1.03
2023-03-14,002890,19.06,18.47,19.09,18.3,7585,14079409.1,4.14,-3.1,-0.59,0.88
2023-03-15,002890,18.39,18.88,19.07,18.36,6599,12385788.0,3.84,2.22,0.41,0.76
2023-03-16,002890,18.92,18.71,19.14,18.65,4391,8262336.8,2.6,-0.9,-0.17,0.51
2023-03-17,002890,18.91,18.56,19.0,18.48,4817,8996162.0,2.78,-0.8,-0.15,0.56
2023-03-20,002890,18.56,18.73,18.84,18.5,5431,10149044.8,1.83,0.92,0.17,0.63
2023-03-21,002890,18.71,19.4,19.4,18.71,6952,13308881.0,3.68,3.58,0.67,0.8
2023-03-22,002890,19.47,19.66,19.75,19.34,8807,17262820.0,2.11,1.34,0.26,1.02
2023-03-23,002890,19.67,19.2,19.68,19.0,10032,19309864.0,3.46,-2.34,-0.46,1.16
2023-03-24,002890,19.03,19.15,19.38,18.96,9126,17491987.8,2.19,-0.26,-0.05,1.06
2023-03-27,002890,19.15,19.14,19.3,18.96,8369,15980322.6,1.78,-0.05,-0.01,0.97
2023-03-28,002890,19.2,18.74,19.2,18.61,5987,11310010.2,3.08,-2.09,-0.4,0.69
2023-03-29,002890,18.75,18.41,18.97,18.38,6905,12810065.8,3.15,-1.76,-0.33,0.8
2023-03-30,002890,18.5,17.98,18.5,17.92,6102,11043670.0,3.15,-2.34,-0.43,0.71
2023-03-31,002890,18.02,18.28,18.57,17.94,8403,15322368.6,3.5,1.67,0.3,0.97
2023-04-03,002890,18.37,18.47,18.64,18.0,7248,13258005.7,3.5,1.04,0.19,0.84
2023-04-04,002890,18.47,18.13,18.56,17.87,8899,16114997.0,3.74,-1.84,-0.34,1.03
2023-04-06,002890,18.0,17.84,18.0,17.65,8967,15961708.5,1.93,-1.6,-0.29,1.04
2023-04-07,002890,17.92,18.07,18.15,17.8,6385,11509477.6,1.96,1.29,0.23,0.74
2023-04-10,002890,17.91,17.53,18.2,17.5,8469,15060044.0,3.87,-2.99,-0.54,0.98
2023-04-11,002890,17.45,17.43,17.63,17.01,8623,15004704.0,3.54,-0.57,-0.1,1.0
2023-04-12,002890,17.31,17.73,17.76,17.31,4722,8316514.2,2.58,1.72,0.3,0.55
2023-04-13,002890,17.95,17.89,18.6,17.68,15438,27935439.0,5.19,0.9,0.16,1.78
2023-04-14,002890,17.85,17.64,17.97,17.59,4826,8554568.0,2.12,-1.4,-0.25,0.56
2023-04-17,002890,17.65,17.52,17.92,17.44,6232,10974925.0,2.72,-0.68,-0.12,0.72
2023-04-18,002890,17.53,17.22,17.53,17.13,5846,10085990.8,2.28,-1.71,-0.3,0.68
2023-04-19,002890,17.28,17.29,17.48,17.11,4001,6930291.8,2.15,0.41,0.07,0.46
2023-04-20,002890,17.22,17.33,17.48,17.0,6559,11286499.2,2.78,0.23,0.04,0.76
2023-04-21,002890,17.32,16.74,17.45,16.66,6660,11294890.4,4.56,-3.4,-0.59,0.77
2023-04-24,002890,16.76,16.97,17.02,16.25,8234,13744930.0,4.6,1.37,0.23,0.95
2023-04-25,002890,16.99,16.37,17.0,16.2,8811,14504101.4,4.71,-3.54,-0.6,1.02
2023-04-26,002890,16.37,16.53,16.76,16.31,8650,14310738.6,2.75,0.98,0.16,1.0
2023-04-27,002890,16.56,16.71,16.97,16.39,7208,12089382.4,3.51,1.09,0.18,0.83
2023-04-28,002890,17.05,17.47,17.56,16.8,10989,19054377.4,4.55,4.55,0.76,1.27
2023-05-04,002890,17.3,17.83,17.89,17.26,11606,20609014.0,3.61,2.06,0.36,1.34
2023-05-05,002890,17.83,17.82,17.92,17.58,7264,12869717.8,1.91,-0.06,-0.01,0.84
2023-05-08,002890,17.74,17.8,17.96,17.69,5945,10583534.0,1.52,-0.11,-0.02,0.69
2023-05-09,002890,17.77,17.48,17.95,17.47,6364,11201902.2,2.7,-1.8,-0.32,0.74
2023-05-10,002890,17.46,17.69,17.91,17.38,5956,10565268.0,3.03,1.2,0.21,0.69
2023-05-11,002890,17.73,17.9,17.95,17.59,5782,10306576.2,2.04,1.19,0.21,0.67
2023-05-12,002890,17.87,17.81,18.02,17.7,5323,9490305.0,1.79,-0.5,-0.09,0.62
2023-05-15,002890,17.94,17.98,18.12,17.7,4957,8847665.8,2.36,0.95,0.17,0.57
2023-05-16,002890,18.11,18.06,18.13,17.81,6160,11098091.6,1.78,0.44,0.08,0.71
2023-05-17,002890,17.9,18.3,18.37,17.9,7805,14206060.2,2.6,1.33,0.24,0.9
2023-05-18,002890,18.3,18.44,18.5,18.23,5313,9776516.8,1.48,0.77,0.14,0.61
2023-05-19,002890,18.62,18.77,18.86,18.44,8730,16350149.2,2.28,1.79,0.33,1.01
2023-05-22,002890,18.76,18.99,19.09,18.69,8270,15664785.2,2.13,1.17,0.22,0.96
2023-05-23,002890,19.07,18.8,19.13,18.78,6249,11839196.6,1.84,-1.0,-0.19,0.72
2023-05-24,002890,18.78,19.19,19.46,18.33,13277,25397004.0,6.01,2.07,0.39,1.54
2023-05-25,002890,19.2,19.29,19.47,19.01,13061,25069889.6,2.4,0.52,0.1,1.51
2023-05-26,002890,19.4,19.22,19.42,19.02,8743,16773322.4,2.07,-0.36,-0.07,1.01
2023-05-29,002890,19.1,19.26,19.38,19.1,9780,18837392.2,1.46,0.21,0.04,1.13
2023-05-30,002890,19.25,18.96,19.34,18.78,8840,16831560.0,2.91,-1.56,-0.3,1.02
2023-05-31,002890,18.87,18.8,19.1,18.63,9032,16975321.4,2.48,-0.84,-0.16,1.04
2023-06-01,002890,18.76,18.85,19.02,18.48,11115,20925944.0,2.87,0.27,0.05,1.29
2023-06-02,002890,18.89,18.88,19.11,18.66,7671,14441755.4,2.39,0.16,0.03,0.89
2023-06-05,002890,18.88,18.85,19.03,18.72,7616,14381807.0,1.64,-0.16,-0.03,0.88
2023-06-06,002890,19.03,18.62,19.03,18.53,10166,19049932.0,2.65,-1.22,-0.23,1.18
2023-06-07,002890,18.73,18.83,18.96,18.37,7133,13367387.0,3.17,1.13,0.21,0.82
2023-06-08,002890,18.91,18.67,18.95,18.62,5819,10924200.0,1.75,-0.85,-0.16,0.67
2023-06-09,002890,18.67,18.47,18.68,18.32,5513,10179118.0,1.93,-1.07,-0.2,0.64
2023-06-12,002890,18.51,18.95,19.1,18.27,8070,15066980.0,4.49,2.6,0.48,0.93
2023-06-13,002890,18.98,19.07,19.33,18.81,7216,13749982.4,2.74,0.63,0.12,0.83
2023-06-14,002890,13.65,13.6,13.8,13.24,17387,23569553.9,2.94,-28.68,-5.47,1.44
2023-06-15,002890,13.79,13.55,13.79,13.43,13212,17887583.4,2.65,-0.37,-0.05,1.09
2023-06-16,002890,13.79,13.8,13.95,13.6,18223,25165394.4,2.58,1.85,0.25,1.5
2023-06-19,002890,13.64,13.9,14.23,13.64,16725,23327903.4,4.28,0.72,0.1,1.38
2023-06-20,002890,13.9,13.8,13.98,13.67,8797,12151492.4,2.23,-0.72,-0.1,0.73
2023-06-21,002890,13.75,13.8,14.11,13.7,11168,15522432.4,2.97,0.0,0.0,0.92
2023-06-26,002890,13.8,13.55,13.99,13.5,12075,16525096.8,3.55,-1.81,-0.25,1.0
2023-06-27,002890,13.71,13.99,14.1,13.45,15231,21173623.0,4.8,3.25,0.44,1.26
2023-06-28,002890,14.0,14.18,14.19,13.68,12754,17868997.2,3.65,1.36,0.19,1.05
2023-06-29,002890,14.28,14.86,15.05,14.1,23971,35265178.7,6.7,4.8,0.68,1.98
2023-06-30,002890,14.94,14.77,15.14,14.66,25888,38413925.5,3.23,-0.61,-0.09,2.08
2023-07-03,002890,14.77,14.49,15.13,14.4,24521,35749188.6,4.94,-1.9,-0.28,1.97
2023-07-04,002890,14.48,14.79,14.99,14.42,19023,28096800.0,3.93,2.07,0.3,1.53
2023-07-05,002890,14.8,14.58,14.85,14.51,12442,18220312.4,2.3,-1.42,-0.21,1.0
2023-07-06,002890,14.5,14.56,14.69,14.39,7720,11235501.0,2.06,-0.14,-0.02,0.62
2023-07-07,002890,14.56,14.83,14.95,14.45,19296,28547151.1,3.43,1.85,0.27,1.55
2023-07-10,002890,14.8,14.7,14.9,14.4,16773,24547915.3,3.37,-0.88,-0.13,1.35
2023-07-11,002890,14.7,14.85,14.98,14.65,10415,15445601.1,2.24,1.02,0.15,0.84
2023-07-12,002890,14.97,14.69,14.97,14.61,9415,13906978.5,2.42,-1.08,-0.16,0.76
2023-07-13,002890,14.73,14.62,14.88,14.55,10849,15942603.8,2.25,-0.48,-0.07,0.87
2023-07-14,002890,14.66,14.77,14.86,14.59,10202,15045606.8,1.85,1.03,0.15,0.82
2023-07-17,002890,15.04,14.85,15.04,14.55,5846,8597487.0,3.32,0.54,0.08,0.47
2023-07-18,002890,14.83,14.85,14.88,14.61,9250,13679718.7,1.82,0.0,0.0,0.74
2023-07-19,002890,14.76,14.84,14.93,14.73,7294,10816020.7,1.35,-0.07,-0.01,0.59
2023-07-20,002890,14.84,14.65,14.88,14.55,14122,20741999.0,2.22,-1.28,-0.19,1.14
2023-07-21,002890,14.6,14.37,14.67,14.31,12096,17434931.0,2.46,-1.91,-0.28,0.97
2023-07-24,002890,14.51,14.72,14.75,14.39,11055,16150688.4,2.51,2.44,0.35,0.89
2023-07-25,002890,14.73,14.71,14.79,14.59,7712,11310886.8,1.36,-0.07,-0.01,0.62
2023-07-26,002890,14.65,14.71,14.74,14.45,9193,13481175.2,1.97,0.0,0.0,0.74
2023-07-27,002890,14.77,14.55,14.82,14.48,10403,15253427.8,2.31,-1.09,-0.16,0.84
2023-07-28,002890,14.55,14.72,14.81,14.44,13234,19407566.6,2.54,1.17,0.17,1.07
2023-07-31,002890,14.71,14.69,14.84,14.57,10958,16076755.4,1.83,-0.2,-0.03,0.88
2023-08-01,002890,14.72,14.53,14.81,14.49,10528,15359395.4,2.18,-1.09,-0.16,0.85
2023-08-02,002890,14.5,14.61,14.67,14.4,8293,12066125.8,1.86,0.55,0.08,0.67
2023-08-03,002890,14.58,14.38,14.64,14.26,10517,15132223.6,2.6,-1.57,-0.23,0.85
2023-08-04,002890,14.41,14.26,14.55,14.2,10283,14738924.8,2.43,-0.83,-0.12,0.83
2023-08-07,002890,14.39,14.24,14.4,14.06,9678,13732350.2,2.38,-0.14,-0.02,0.78
2023-08-08,002890,14.26,14.29,14.37,14.16,6541,9332982.2,1.47,0.35,0.05,0.53
2023-08-09,002890,14.19,13.89,14.2,13.83,6945,9710664.0,2.59,-2.8,-0.4,0.56
2023-08-10,002890,14.0,14.09,14.2,13.82,9009,12667731.8,2.74,1.44,0.2,0.73
2023-08-11,002890,14.07,13.84,14.16,13.8,7380,10331943.4,2.56,-1.77,-0.25,0.59
2023-08-14,002890,13.87,14.03,14.07,13.57,8583,11907634.6,3.61,1.37,0.19,0.69
2023-08-15,002890,14.06,14.04,14.17,13.9,9294,13060914.8,1.92,0.07,0.01,0.75
2023-08-16,002890,14.03,13.75,14.03,13.67,8209,11354230.8,2.56,-2.07,-0.29,0.66
2023-08-17,002890,13.74,14.14,14.17,13.58,9994,13920769.5,4.29,2.84,0.39,0.8
2023-08-18,002890,14.13,14.3,14.54,14.13,13292,19092321.8,2.9,1.13,0.16,1.07
2023-08-21,002890,14.31,14.12,14.54,14.12,13945,19870453.4,2.94,-1.26,-0.18,1.12
2023-08-22,002890,14.23,13.53,14.39,12.9,49070,65519147.9,10.55,-4.18,-0.59,3.95
2023-08-23,002890,13.44,13.31,13.52,12.97,35668,47242658.0,4.07,-1.63,-0.22,2.87
2023-08-24,002890,13.42,13.26,13.53,12.87,34388,45289481.5,4.96,-0.38,-0.05,2.77
2023-08-25,002890,13.3,12.9,13.4,12.86,16083,21031396.1,4.07,-2.71,-0.36,1.29
2023-08-28,002890,13.54,13.01,13.54,12.97,16985,22379695.8,4.42,0.85,0.11,1.37
2023-08-29,002890,13.01,13.9,13.93,12.97,21693,29588762.4,7.38,6.84,0.89,1.75
2023-08-30,002890,13.95,14.26,14.38,13.9,15258,21665815.6,3.45,2.59,0.36,1.23
2023-08-31,002890,14.2,14.35,14.47,14.01,13930,20001583.4,3.23,0.63,0.09,1.12
2023-09-01,002890,14.5,14.46,14.58,14.24,12696,18280343.7,2.37,0.77,0.11,1.02
2023-09-04,002890,14.46,14.46,14.57,14.03,17469,25113089.6,3.73,0.0,0.0,1.41
2023-09-05,002890,14.44,14.39,14.55,14.19,9159,13187768.2,2.49,-0.48,-0.07,0.74
2023-09-06,002890,14.45,14.39,14.46,14.27,9985,14328287.8,1.32,0.0,0.0,0.8
2023-09-07,002890,14.39,14.17,14.46,14.14,22337,31817512.7,2.22,-1.53,-0.22,1.8
2023-09-08,002890,14.2,14.2,14.35,14.06,16937,24049955.8,2.05,0.21,0.03,1.36
2023-09-11,002890,14.2,14.18,14.35,14.11,10797,15353784.8,1.69,-0.14,-0.02,0.87
2023-09-12,002890,14.18,13.97,14.24,13.92,7582,10632442.8,2.26,-1.48,-0.21,0.61
2023-09-13,002890,14.01,13.9,14.19,13.71,10376,14423425.6,3.44,-0.5,-0.07,0.84
2023-09-14,002890,13.93,13.84,13.93,13.71,8726,12040855.6,1.58,-0.43,-0.06,0.7
2023-09-15,002890,13.84,13.77,13.9,13.6,13630,18724779.4,2.17,-0.51,-0.07,1.1
2023-09-18,002890,13.8,14.28,14.39,13.69,14069,19938121.8,5.08,3.7,0.51,1.13
2023-09-19,002890,14.28,14.16,14.32,13.9,14103,19929021.4,2.94,-0.84,-0.12,1.14
2023-09-20,002890,14.16,13.96,14.25,13.92,9160,12893246.4,2.33,-1.41,-0.2,0.74
2023-09-21,002890,14.03,13.92,14.03,13.82,8525,11870388.8,1.5,-0.29,-0.04,0.69
2023-09-22,002890,13.93,14.13,14.21,13.78,11059,15523635.4,3.09,1.51,0.21,0.89
2023-09-25,002890,14.17,14.05,14.38,13.99,12241,17312408.4,2.76,-0.57,-0.08,0.99
2023-09-26,002890,14.05,14.09,14.25,13.96,7652,10761360.3,2.06,0.28,0.04,0.62
2023-09-27,002890,14.07,14.18,14.3,13.96,9923,14092728.1,2.41,0.64,0.09,0.8
2023-09-28,002890,14.23,14.29,14.34,14.15,7258,10350587.1,1.34,0.78,0.11,0.58
2023-10-09,002890,14.4,14.11,14.57,14.03,14502,20636970.7,3.78,-1.26,-0.18,1.17
2023-10-10,002890,14.12,13.91,14.28,13.82,8833,12336376.6,3.26,-1.42,-0.2,0.71
2023-10-11,002890,13.92,13.93,14.07,13.72,8941,12389258.3,2.52,0.14,0.02,0.72
2023-10-12,002890,13.92,13.79,13.98,13.67,9628,13287038.2,2.23,-1.01,-0.14,0.78
2023-10-13,002890,13.79,13.59,13.83,13.49,10939,14881426.4,2.47,-1.45,-0.2,0.88
2023-10-16,002890,13.59,13.5,13.61,13.41,9962,13441679.3,1.47,-0.66,-0.09,0.8
2023-10-17,002890,13.51,13.5,13.69,13.39,8060,10904854.1,2.22,0.0,0.0,0.65
2023-10-18,002890,13.5,13.4,13.63,13.35,8809,11836093.4,2.07,-0.74,-0.1,0.71
2023-10-19,002890,13.37,13.33,13.69,13.21,7204,9681327.8,3.58,-0.52,-0.07,0.58
2023-10-20,002890,13.33,13.25,13.56,13.21,6566,8753699.4,2.63,-0.6,-0.08,0.53
2023-10-23,002890,13.25,12.99,13.39,12.95,10487,13775329.6,3.32,-1.96,-0.26,0.84
2023-10-24,002890,12.99,13.56,13.57,12.97,11223,14991585.2,4.62,4.39,0.57,0.9
2023-10-25,002890,13.71,13.89,13.9,13.57,10727,14779641.6,2.43,2.43,0.33,0.86
2023-10-26,002890,13.82,13.71,13.91,13.55,8373,11438785.6,2.59,-1.3,-0.18,0.67
2023-10-27,002890,13.6,13.66,13.77,13.54,10878,14853009.8,1.68,-0.36,-0.05,0.88
2023-10-30,002890,13.66,13.82,13.87,13.45,14671,20033708.1,3.07,1.17,0.16,1.18
2023-10-31,002890,13.74,13.88,14.05,13.71,15003,20886384.2,2.46,0.43,0.06,1.21
2023-11-01,002890,13.88,14.14,14.16,13.78,13401,18807775.6,2.74,1.87,0.26,1.08
2023-11-02,002890,14.14,14.02,14.2,13.92,8161,11462568.8,1.98,-0.85,-0.12,0.66
2023-11-03,002890,14.01,14.34,14.47,13.97,14006,20085715.3,3.57,2.28,0.32,1.13
2023-11-06,002890,14.37,14.54,14.57,14.37,15337,22243700.0,1.39,1.39,0.2,1.23
2023-11-07,002890,14.56,14.6,14.64,14.45,8998,13123094.3,1.31,0.41,0.06,0.72
2023-11-08,002890,14.66,14.52,14.66,14.44,8965,13050075.9,1.51,-0.55,-0.08,0.72
2023-11-09,002890,14.65,14.52,14.65,14.38,11058,16017614.0,1.86,0.0,0.0,0.89
2023-11-10,002890,14.4,14.47,14.56,14.27,9720,14020659.6,2.0,-0.34,-0.05,0.78
2023-11-13,002890,14.52,14.6,14.63,14.42,9302,13552456.2,1.45,0.9,0.13,0.75
2023-11-14,002890,14.67,14.54,14.67,14.43,8271,12001245.0,1.64,-0.41,-0.06,0.67
2023-11-15,002890,14.61,14.62,14.68,14.43,7573,11042582.4,1.72,0.55,0.08,0.61
2023-11-16,002890,14.6,14.52,14.66,14.51,8026,11714261.6,1.03,-0.68,-0.1,0.65
2023-11-17,002890,14.58,14.65,14.68,14.46,8836,12914097.5,1.52,0.9,0.13,0.71
2023-11-20,002890,14.67,14.8,14.8,14.6,9485,13952768.1,1.37,1.02,0.15,0.76
2023-11-21,002890,14.8,14.71,14.85,14.65,9435,13926304.7,1.35,-0.61,-0.09,0.76
2023-11-22,002890,14.7,14.63,14.84,14.56,8736,12825670.6,1.9,-0.54,-0.08,0.7
2023-11-23,002890,14.57,14.67,14.7,14.56,6684,9793094.3,0.96,0.27,0.04,0.54
2023-11-24,002890,14.72,14.5,14.72,14.4,7447,10798324.6,2.18,-1.16,-0.17,0.6
2023-11-27,002890,14.46,14.61,14.72,14.41,10007,14607928.0,2.14,0.76,0.11,0.81
2023-11-28,002890,14.67,14.88,14.95,14.49,10860,16071404.7,3.15,1.85,0.27,0.87
2023-11-29,002890,14.86,14.81,14.93,14.72,9444,13980094.0,1.41,-0.47,-0.07,0.76
2023-11-30,002890,14.75,14.66,14.85,14.47,8354,12238994.0,2.57,-1.01,-0.15,0.67
2023-12-01,002890,14.59,14.7,14.8,14.55,12057,17708394.8,1.71,0.27,0.04,0.97
2023-12-04,002890,14.7,14.75,14.86,14.6,12778,18784964.4,1.77,0.34,0.05,1.03
2023-12-05,002890,14.7,14.63,14.82,14.58,12682,18627810.7,1.63,-0.81,-0.12,1.02
2023-12-06,002890,14.68,14.91,15.0,14.61,15962,23718199.8,2.67,1.91,0.28,1.29
2023-12-07,002890,14.82,14.54,14.94,14.4,20269,29543952.6,3.62,-2.48,-0.37,1.63
2023-12-08,002890,14.61,13.96,14.66,13.91,22911,32547661.9,5.16,-3.99,-0.58,1.84
2023-12-11,002890,13.87,14.09,14.26,13.72,25824,36264222.7,3.87,0.93,0.13,2.08
2023-12-12,002890,14.2,14.18,14.25,13.8,16701,23399270.1,3.19,0.64,0.09,1.34
2023-12-13,002890,14.2,14.44,14.66,14.01,18572,26729843.7,4.58,1.83,0.26,1.5
2023-12-14,002890,14.45,14.31,14.51,14.23,11372,16314991.4,1.94,-0.9,-0.13,0.92
2023-12-15,002890,14.31,14.71,15.13,14.24,32586,47683977.4,6.22,2.8,0.4,2.62
2023-12-18,002890,14.66,14.26,14.7,14.16,31855,45638215.4,3.67,-3.06,-0.45,2.56
2023-12-19,002890,14.27,14.67,14.73,14.19,24113,34878480.2,3.79,2.88,0.41,1.94
2023-12-20,002890,14.8,16.14,16.14,14.79,27483,44147662.1,9.2,10.02,1.47,2.21
2023-12-21,002890,16.49,16.11,17.48,15.61,217058,354772583.3,11.59,-0.19,-0.03,17.47
2023-12-22,002890,15.45,15.45,15.69,14.9,174116,264904846.1,4.9,-4.1,-0.66,14.02
2023-12-25,002890,15.19,15.4,15.4,14.73,119951,181316798.8,4.34,-0.32,-0.05,9.66
2023-12-26,002890,15.08,15.7,16.14,14.91,139793,216539647.1,7.99,1.95,0.3,11.25
2023-12-27,002890,15.3,15.2,15.39,14.92,94332,142594242.2,2.99,-3.18,-0.5,7.59
2023-12-28,002890,14.99,14.88,15.01,13.79,114896,166597716.4,8.03,-2.11,-0.32,9.25
2023-12-29,002890,14.79,15.45,16.35,14.76,114569,176704338.3,10.69,3.83,0.57,9.22
2024-01-02,002890,15.3,15.73,15.76,15.28,94945,147865220.9,3.11,1.81,0.28,7.64
2024-01-03,002890,15.5,15.81,15.94,15.35,80570,126462405.7,3.75,0.51,0.08,6.49
2024-01-04,002890,15.72,15.68,16.07,15.51,63843,100545111.3,3.54,-0.82,-0.13,5.14
2024-01-05,002890,15.66,15.07,15.68,15.02,58952,89977150.9,4.21,-3.89,-0.61,4.75
2024-01-08,002890,15.08,15.04,15.21,14.68,37435,56366038.4,3.52,-0.2,-0.03,3.01
2024-01-09,002890,15.03,15.25,15.4,14.94,41753,63565824.0,3.06,1.4,0.21,3.36
2024-01-10,002890,15.3,15.11,15.5,14.88,39181,59680973.5,4.07,-0.92,-0.14,3.15
2024-01-11,002890,15.19,15.13,15.39,14.63,33855,51150516.9,5.03,0.13,0.02,2.73
2024-01-12,002890,15.16,14.8,15.36,14.78,33218,49789751.6,3.83,-2.18,-0.33,2.67
2024-01-15,002890,14.73,14.67,14.89,14.63,22294,32839194.0,1.76,-0.88,-0.13,1.79
2024-01-16,002890,14.75,14.3,14.78,14.06,38282,54902626.7,4.91,-2.52,-0.37,3.08
2024-01-17,002890,14.3,14.01,14.43,13.96,23242,33027610.2,3.29,-2.03,-0.29,1.87
2024-01-18,002890,14.01,13.54,14.06,13.14,33756,45569044.3,6.57,-3.35,-0.47,2.72
2024-01-19,002890,13.65,13.52,13.7,13.38,21570,29231091.3,2.36,-0.15,-0.02,1.74
2024-01-22,002890,13.64,12.68,13.76,12.52,27220,35774838.4,9.17,-6.21,-0.84,2.19
2024-01-23,002890,12.6,12.67,12.8,12.08,43663,54075957.2,5.68,-0.08,-0.01,3.52
2024-01-24,002890,12.52,12.77,12.99,12.4,22809,28990420.7,4.66,0.79,0.1,1.84
2024-01-25,002890,12.91,13.34,13.4,12.76,26151,34228608.2,5.01,4.46,0.57,2.11
2024-01-26,002890,13.54,13.44,13.76,13.34,20142,27288792.1,3.15,0.75,0.1,1.62
2024-01-29,002890,13.51,12.93,13.64,12.88,20288,26580377.6,5.65,-3.79,-0.51,1.63
2024-01-30,002890,12.89,12.73,13.31,12.67,22078,28509971.1,4.95,-1.55,-0.2,1.78
2024-01-31,002890,12.58,11.8,12.7,11.7,24317,29562516.4,7.86,-7.31,-0.93,1.96
2024-02-01,002890,11.79,11.4,11.96,11.19,27008,31104769.6,6.53,-3.39,-0.4,2.17
2024-02-02,002890,11.38,10.8,11.86,10.42,22473,24969628.1,12.63,-5.26,-0.6,1.81
2024-02-05,002890,10.32,9.72,10.42,9.72,23670,23265101.4,6.48,-10.0,-1.08,1.91
2024-02-06,002890,9.03,9.15,9.63,8.75,50994,45856966.0,9.05,-5.86,-0.57,4.11
2024-02-07,002890,9.15,9.24,9.39,8.6,61609,56039386.7,8.63,0.98,0.09,4.96
2024-02-08,002890,9.11,9.75,9.87,8.32,42212,38285803.2,16.77,5.52,0.51,3.4
2024-02-19,002890,9.82,10.13,10.39,9.82,34907,35122550.8,5.85,3.9,0.38,2.81
2024-02-20,002890,10.15,10.41,10.49,9.92,20404,20904019.2,5.63,2.76,0.28,1.64
2024-02-21,002890,10.49,10.9,11.13,10.35,33421,36187336.1,7.49,4.71,0.49,2.69
2024-02-22,002890,10.88,11.09,11.15,10.8,14829,16301984.6,3.21,1.74,0.19,1.19
2024-02-23,002890,11.13,11.41,11.48,11.06,19894,22426363.8,3.79,2.89,0.32,1.6
2024-02-26,002890,11.55,11.77,12.07,11.53,25847,30535983.4,4.73,3.16,0.36,2.08
2024-02-27,002890,11.77,11.98,11.98,11.65,11783,14008849.3,2.8,1.78,0.21,0.95
2024-02-28,002890,12.2,11.44,12.31,11.41,52580,61907701.3,7.51,-4.51,-0.54,4.23
2024-02-29,002890,11.3,11.67,11.75,10.98,25000,28631633.6,6.73,2.01,0.23,2.01
2024-03-01,002890,11.75,11.86,11.97,11.53,19842,23262070.2,3.77,1.63,0.19,1.6
2024-03-04,002890,11.98,11.56,11.99,11.43,17509,20380597.4,4.72,-2.53,-0.3,1.41
2024-03-05,002890,11.57,11.41,11.58,11.29,17682,20199391.0,2.51,-1.3,-0.15,1.42
2024-03-06,002890,11.42,11.47,11.56,11.2,14280,16317573.2,3.16,0.53,0.06,1.15
2024-03-07,002890,11.47,11.54,11.83,11.41,17235,20075025.4,3.66,0.61,0.07,1.39
2024-03-08,002890,11.74,11.49,11.74,11.41,10724,12347889.9,2.86,-0.43,-0.05,0.86
2024-03-11,002890,11.54,11.58,11.66,11.41,10569,12172979.4,2.18,0.78,0.09,0.85
2024-03-12,002890,11.61,11.92,11.92,11.58,27449,32112028.6,2.94,2.94,0.34,2.21
2024-03-13,002890,11.97,11.9,12.14,11.71,18786,22408305.1,3.61,-0.17,-0.02,1.51
2024-03-14,002890,11.93,11.95,12.23,11.7,19159,22953739.0,4.45,0.42,0.05,1.54
2024-03-15,002890,11.95,12.22,12.23,11.86,15154,18298070.0,3.1,2.26,0.27,1.22
2024-03-18,002890,12.34,12.47,12.47,12.21,15190,18751817.0,2.13,2.05,0.25,1.22
2024-03-19,002890,12.51,12.45,12.6,12.43,11012,13773524.9,1.36,-0.16,-0.02,0.89
2024-03-20,002890,12.43,12.6,12.62,12.4,11397,14282239.9,1.77,1.2,0.15,0.92
2024-03-21,002890,12.6,12.65,12.86,12.39,12055,15194907.4,3.73,0.4,0.05,0.97
2024-03-22,002890,12.7,12.36,12.76,12.27,13848,17211623.6,3.87,-2.29,-0.29,1.11
2024-03-25,002890,12.29,12.12,12.45,12.03,15271,18691755.3,3.4,-1.94,-0.24,1.23
2024-03-26,002890,11.99,12.13,12.23,11.86,14051,16902303.9,3.05,0.08,0.01,1.13
2024-03-27,002890,12.2,12.01,12.37,12.01,16346,19920528.7,2.97,-0.99,-0.12,1.32
2024-03-28,002890,11.76,12.57,12.58,11.76,20377,25159705.6,6.83,4.66,0.56,1.64
2024-03-29,002890,12.45,12.65,13.83,12.42,50112,65320943.8,11.22,0.64,0.08,4.03
2024-04-01,002890,12.64,13.08,13.13,12.42,54590,70233504.6,5.61,3.4,0.43,4.39
2024-04-02,002890,13.16,13.24,13.33,12.8,26442,34834936.6,4.05,1.22,0.16,2.13
2024-04-03,002890,13.24,13.14,13.28,12.89,16097,21049183.0,2.95,-0.76,-0.1,1.3
2024-04-08,002890,13.0,12.78,13.12,12.67,16435,21117277.6,3.42,-2.74,-0.36,1.32
2024-04-09,002890,12.77,12.91,12.99,12.6,10814,13898322.9,3.05,1.02,0.13,0.87
2024-04-10,002890,12.91,12.74,13.07,12.57,10707,13654656.2,3.87,-1.32,-0.17,0.86
2024-04-11,002890,12.56,12.8,12.91,12.48,8916,11401070.7,3.38,0.47,0.06,0.72
2024-04-12,002890,12.72,12.91,13.12,12.71,15620,20198013.0,3.2,0.86,0.11,1.26
2024-04-15,002890,12.76,12.0,12.88,11.63,28694,34797817.6,9.68,-7.05,-0.91,2.31
2024-04-16,002890,11.81,10.8,11.81,10.8,17661,19349474.4,8.42,-10.0,-1.2,1.42
2024-04-17,002890,10.79,11.5,11.5,10.51,29638,33253698.8,9.17,6.48,0.7,2.39
2024-04-18,002890,11.59,11.64,12.14,11.4,25428,30023546.7,6.43,1.22,0.14,2.05
2024-04-19,002890,11.63,11.42,11.77,11.33,11732,13505495.6,3.78,-1.89,-0.22,0.94
2024-04-22,002890,11.39,11.25,11.5,11.0,10500,11858167.0,4.38,-1.49,-0.17,0.85
2024-04-23,002890,11.3,11.6,11.68,11.28,10280,11846207.4,3.56,3.11,0.35,0.83
2024-04-24,002890,11.64,11.8,11.92,11.54,13354,15750684.4,3.28,1.72,0.2,1.08
2024-04-25,002890,11.88,11.9,11.95,11.71,10542,12513712.0,2.03,0.85,0.1,0.85
2024-04-26,002890,12.11,12.07,12.14,11.71,10595,12712432.8,3.61,1.43,0.17,0.85
2024-04-29,002890,11.98,12.35,12.36,11.98,9822,12064551.2,3.15,2.32,0.28,0.79
2024-04-30,002890,12.4,12.43,12.51,12.21,9842,12207420.3,2.43,0.65,0.08,0.79
2024-05-06,002890,12.79,12.79,12.88,12.45,12545,15838745.8,3.46,2.9,0.36,1.01
2024-05-07,002890,12.8,12.79,12.92,12.64,10222,13065842.8,2.19,0.0,0.0,0.82
2024-05-08,002890,12.54,12.67,12.85,12.54,7961,10126453.7,2.42,-0.94,-0.12,0.64
2024-05-09,002890,12.57,12.7,12.89,12.57,12506,15978293.0,2.53,0.24,0.03,1.01
2024-05-10,002890,12.76,12.59,12.86,12.51,11548,14579744.5,2.76,-0.87,-0.11,0.93
2024-05-13,002890,12.34,12.3,12.52,12.18,10579,13066347.7,2.7,-2.3,-0.29,0.85
2024-05-14,002890,12.21,12.47,12.59,12.21,8293,10339176.0,3.09,1.38,0.17,0.67
2024-05-15,002890,12.72,12.57,12.85,12.35,14050,17764206.9,4.01,0.8,0.1,1.13
2024-05-16,002890,12.9,12.53,13.0,12.48,20633,26197790.5,4.14,-0.32,-0.04,1.66
2024-05-17,002890,12.54,12.74,12.78,12.53,14504,18352046.2,2.0,1.68,0.21,1.17
2024-05-20,002890,12.86,12.7,12.86,12.63,11698,14885719.6,1.81,-0.31,-0.04,0.94
2024-05-21,002890,12.76,12.52,12.76,12.48,7700,9671028.3,2.2,-1.42,-0.18,0.62
2024-05-22,002890,12.51,12.54,12.65,12.39,6682,8375013.7,2.08,0.16,0.02,0.54
2024-05-23,002890,12.6,12.24,12.6,12.18,8389,10316067.0,3.35,-2.39,-0.3,0.68
2024-05-24,002890,12.23,12.0,12.42,12.0,12398,15153033.4,3.43,-1.96,-0.24,1.0
2024-05-27,002890,12.04,12.09,12.26,11.8,22847,27371620.0,3.83,0.75,0.09,1.84
2024-05-28,002890,12.16,11.94,12.16,11.94,11229,13501296.8,1.82,-1.24,-0.15,0.9
2024-05-29,002890,11.87,12.04,12.28,11.84,7518,9018395.2,3.69,0.84,0.1,0.61
2024-05-30,002890,12.03,11.9,12.14,11.85,6702,8020191.5,2.41,-1.16,-0.14,0.54
2024-05-31,002890,11.96,12.03,12.07,11.86,5827,6981551.4,1.76,1.09,0.13,0.47
2024-06-03,002890,11.96,11.58,12.07,11.45,13515,15826211.1,5.15,-3.74,-0.45,1.09
2024-06-04,002890,11.31,11.17,11.54,11.0,11898,13311175.6,4.66,-3.54,-0.41,0.96
2024-06-05,002890,11.15,10.75,11.15,10.75,11240,12225529.3,3.58,-3.76,-0.42,0.9
2024-06-06,002890,10.77,9.84,10.85,9.7,29810,29951496.2,10.7,-8.47,-0.91,2.4
2024-06-07,002890,10.05,10.56,10.68,10.05,26270,27191695.1,6.4,7.32,0.72,2.11
2024-06-11,002890,10.57,10.51,10.58,10.04,15698,16296453.4,5.11,-0.47,-0.05,1.26
2024-06-12,002890,10.6,10.78,10.84,10.36,9245,9883819.2,4.57,2.57,0.27,0.74
2024-06-13,002890,10.72,10.7,10.78,10.51,12463,13298990.2,2.5,-0.74,-0.08,1.0
2024-06-14,002890,10.7,10.7,10.77,10.42,7626,8125368.2,3.27,0.0,0.0,0.61
2024-06-17,002890,10.7,10.5,10.78,10.42,10148,10756045.4,3.36,-1.87,-0.2,0.82
2024-06-18,002890,10.5,10.84,10.89,10.34,10279,11023469.6,5.24,3.24,0.34,0.83
2024-06-19,002890,10.84,10.87,10.96,10.77,6144,6681828.4,1.75,0.28,0.03,0.49
2024-06-20,002890,10.88,10.53,10.95,10.45,11869,12591685.6,4.6,-3.13,-0.34,0.96
2024-06-21,002890,10.69,10.52,10.73,10.33,7614,7996893.4,3.8,-0.09,-0.01,0.61
2024-06-24,002890,10.4,9.93,10.51,9.82,11135,11167623.7,6.56,-5.61,-0.59,0.9
2024-06-25,002890,9.88,10.04,10.28,9.88,10333,10450294.6,4.03,1.11,0.11,0.83
2024-06-26,002890,10.1,10.51,10.58,9.94,9867,10149855.8,6.37,4.68,0.47,0.79
2024-06-27,002890,10.5,10.4,10.73,10.33,10158,10666057.4,3.81,-1.05,-0.11,0.82
2024-06-28,002890,7.92,8.02,8.15,7.88,15422,12416993.7,2.6,-22.88,-2.38,0.96
2024-07-01,002890,8.08,8.1,8.13,7.87,13900,11144010.1,3.24,1.0,0.08,0.86
2024-07-02,002890,8.1,8.19,8.24,8.04,12376,10111373.1,2.47,1.11,0.09,0.77
2024-07-03,002890,8.22,8.03,8.22,7.99,10590,8559886.6,2.81,-1.95,-0.16,0.66
2024-07-04,002890,8.03,7.82,8.12,7.76,11880,9373135.3,4.48,-2.62,-0.21,0.74
2024-07-05,002890,7.81,7.81,7.91,7.64,11634,9070677.6,3.45,-0.13,-0.01,0.72
2024-07-08,002890,7.81,7.52,7.88,7.48,9816,7485351.2,5.12,-3.71,-0.29,0.61
2024-07-09,002890,7.51,7.57,7.6,7.22,15084,11224043.8,5.05,0.66,0.05,0.93
2024-07-10,002890,7.57,7.4,7.6,7.33,11430,8520283.2,3.57,-2.25,-0.17,0.71
2024-07-11,002890,7.46,7.79,7.82,7.46,14986,11534662.3,4.86,5.27,0.39,0.93
2024-07-12,002890,7.8,7.79,7.94,7.7,10390,8135078.7,3.08,0.0,0.0,0.64
2024-07-15,002890,7.79,7.49,7.82,7.45,12344,9300012.0,4.75,-3.85,-0.3,0.76
2024-07-16,002890,7.53,7.4,7.53,7.33,10747,7978875.2,2.67,-1.2,-0.09,0.67
2024-07-17,002890,7.4,7.28,7.43,7.26,6549,4798322.5,2.3,-1.62,-0.12,0.41
2024-07-18,002890,7.28,7.29,7.4,7.01,9608,6933144.5,5.36,0.14,0.01,0.59
2024-07-19,002890,7.29,7.48,7.56,7.25,9864,7341889.7,4.25,2.61,0.19,0.61
2024-07-22,002890,7.52,7.53,7.69,7.38,6577,4918903.1,4.14,0.67,0.05,0.41
2024-07-23,002890,7.53,7.37,7.62,7.35,12577,9446922.9,3.59,-2.12,-0.16,0.78
2024-07-24,002890,7.32,7.47,7.55,7.18,16963,12518057.7,5.02,1.36,0.1,1.05
2024-07-25,002890,7.39,7.39,7.57,7.36,12113,9016772.2,2.81,-1.07,-0.08,0.75
2024-07-26,002890,7.46,7.87,8.13,7.42,58594,45965280.8,9.61,6.5,0.48,3.63
2024-07-29,002890,7.69,8.13,8.32,7.68,56243,45079521.6,8.13,3.3,0.26,3.48
2024-07-30,002890,8.21,8.36,8.68,7.91,50343,41633598.8,9.47,2.83,0.23,3.12
2024-07-31,002890,8.35,8.59,8.62,8.22,31205,26361900.4,4.78,2.75,0.23,1.93
2024-08-01,002890,8.62,8.87,8.87,8.55,34584,30077125.2,3.73,3.26,0.28,2.14
2024-08-02,002890,8.79,8.92,9.13,8.75,43362,38689221.4,4.28,0.56,0.05,2.69
2024-08-05,002890,8.8,8.33,8.8,8.25,28608,24422377.2,6.17,-6.61,-0.59,1.77
2024-08-06,002890,8.38,8.38,8.53,8.28,16948,14241273.0,3.0,0.6,0.05,1.05
2024-08-07,002890,8.44,8.4,8.53,8.36,12123,10243883.3,2.03,0.24,0.02,0.75
2024-08-08,002890,8.4,9.24,9.24,8.08,86654,78251208.3,13.81,10.0,0.84,5.37
2024-08-09,002890,9.63,9.22,9.86,8.87,139114,131554717.7,10.71,-0.22,-0.02,8.61
2024-08-12,002890,9.25,10.14,10.14,9.25,101994,102101687.6,9.65,9.98,0.92,6.32
2024-08-13,002890,10.66,9.45,10.75,9.33,153019,149450332.3,14.0,-6.8,-0.69,9.48
2024-08-14,002890,9.35,8.66,9.39,8.52,97693,85594174.6,9.21,-8.36,-0.79,6.05
2024-08-15,002890,8.6,8.51,8.7,8.32,64887,55082312.7,4.39,-1.73,-0.15,4.02
2024-08-16,002890,8.55,8.39,8.58,8.28,38856,32627309.1,3.53,-1.41,-0.12,2.41
2024-08-19,002890,8.28,8.32,8.37,8.22,25382,21062622.9,1.79,-0.83,-0.07,1.57
2024-08-20,002890,8.29,8.15,8.36,8.09,27309,22343203.3,3.25,-2.04,-0.17,1.69
2024-08-21,002890,8.15,8.16,8.22,8.08,15595,12721725.8,1.72,0.12,0.01,0.97
2024-08-22,002890,8.11,7.97,8.19,7.93,19437,15632622.0,3.19,-2.33,-0.19,1.2
2024-08-23,002890,7.95,7.89,7.99,7.66,13732,10794651.7,4.14,-1.0,-0.08,0.85
2024-08-26,002890,7.9,8.05,8.16,7.84,15265,12273993.5,4.06,2.03,0.16,0.95
2024-08-27,002890,8.05,8.0,8.13,7.94,10631,8546090.3,2.36,-0.62,-0.05,0.66
2024-08-28,002890,8.0,8.15,8.23,7.92,12018,9772801.6,3.88,1.88,0.15,0.74
2024-08-29,002890,8.15,8.2,8.27,7.99,9643,7863465.8,3.44,0.61,0.05,0.6
2024-08-30,002890,8.2,8.27,8.35,8.11,15553,12860521.8,2.93,0.85,0.07,0.96
2024-09-02,002890,8.27,8.24,8.39,8.2,10506,8716038.2,2.3,-0.36,-0.03,0.65
2024-09-03,002890,8.23,8.27,8.39,8.11,7930,6584039.5,3.4,0.36,0.03,0.49
2024-09-04,002890,8.37,8.17,8.37,8.16,8017,6588540.8,2.54,-1.21,-0.1,0.5
2024-09-05,002890,8.25,8.33,8.36,8.19,8749,7255923.0,2.08,1.96,0.16,0.54
2024-09-06,002890,8.31,8.17,8.4,8.15,8875,7307921.9,3.0,-1.92,-0.16,0.55
2024-09-09,002890,8.11,8.23,8.29,8.04,9031,7422770.1,3.06,0.73,0.06,0.56
2024-09-10,002890,8.29,8.36,8.38,8.21,11065,9186739.7,2.07,1.58,0.13,0.69
2024-09-11,002890,8.36,8.23,8.41,8.17,8841,7309617.3,2.87,-1.56,-0.13,0.55
2024-09-12,002890,8.24,8.28,8.34,8.24,8175,6784118.4,1.22,0.61,0.05,0.51
2024-09-13,002890,8.34,8.13,8.34,8.08,8534,6966998.6,3.14,-1.81,-0.15,0.53
2024-09-18,002890,8.12,8.11,8.13,7.94,8604,6907752.0,2.34,-0.25,-0.02,0.53
2024-09-19,002890,8.13,8.29,8.34,8.07,10462,8613775.7,3.33,2.22,0.18,0.65
2024-09-20,002890,8.29,8.2,8.34,8.11,7392,6057053.8,2.77,-1.09,-0.09,0.46
2024-09-23,002890,8.2,8.23,8.27,8.1,5197,4255405.6,2.07,0.37,0.03,0.32
2024-09-24,002890,8.23,8.42,8.43,8.23,11408,9526618.7,2.43,2.31,0.19,0.71
2024-09-25,002890,8.54,8.56,8.66,8.45,18405,15766229.1,2.49,1.66,0.14,1.14
2024-09-26,002890,8.56,8.69,8.72,8.53,13036,11252355.3,2.22,1.52,0.13,0.81
2024-09-27,002890,8.9,8.99,9.09,8.73,21901,19481430.8,4.14,3.45,0.3,1.36
2024-09-30,002890,9.11,9.7,9.74,9.02,44265,41662532.2,8.01,7.9,0.71,2.74
2024-10-08,002890,10.58,10.14,10.65,9.43,64660,65466062.6,12.58,4.54,0.44,4.0
2024-10-09,002890,10.07,9.49,10.07,9.37,32820,31807411.8,6.9,-6.41,-0.65,2.03
2024-10-10,002890,9.47,9.54,9.77,9.32,21207,20231086.0,4.74,0.53,0.05,1.31
2024-10-11,002890,9.44,9.37,9.59,9.24,22130,20790097.6,3.67,-1.78,-0.17,1.37
2024-10-14,002890,9.41,9.6,9.6,9.32,16428,15597304.4,2.99,2.45,0.23,1.02
2024-10-15,002890,9.68,9.65,9.97,9.47,22608,22077176.7,5.21,0.52,0.05,1.4
2024-10-16,002890,9.52,9.83,9.92,9.52,12710,12436649.3,4.15,1.87,0.18,0.79
2024-10-17,002890,9.84,10.04,10.09,9.75,27198,27037392.0,3.46,2.14,0.21,1.68
2024-10-18,002890,9.94,10.09,10.19,9.94,23581,23750524.6,2.49,0.5,0.05,1.46
2024-10-21,002890,10.15,10.14,10.16,9.95,18086,18225031.4,2.08,0.5,0.05,1.12
2024-10-22,002890,10.1,10.25,10.28,10.02,18136,18451611.2,2.56,1.08,0.11,1.12
2024-10-23,002890,10.23,10.24,10.42,10.22,20755,21419657.9,1.95,-0.1,-0.01,1.29
2024-10-24,002890,10.32,10.36,10.44,10.24,16636,17206258.8,1.95,1.17,0.12,1.03
2024-10-25,002890,10.36,10.66,10.66,10.33,16073,16973432.9,3.19,2.9,0.3,1.0
2024-10-28,002890,10.66,11.15,11.37,10.66,32892,36427383.4,6.66,4.6,0.49,2.04
2024-10-29,002890,11.16,10.81,11.39,10.78,28974,31874167.5,5.47,-3.05,-0.34,1.79
2024-10-30,002890,10.81,10.6,10.94,10.5,27311,29213327.6,4.07,-1.94,-0.21,1.69
2024-10-31,002890,10.6,10.85,10.95,10.44,19426,21006023.7,4.81,2.36,0.25,1.2
2024-11-01,002890,10.88,10.36,10.93,10.28,19414,20442595.9,5.99,-4.52,-0.49,1.2
2024-11-04,002890,10.36,10.8,10.93,10.17,19440,20590653.7,7.34,4.25,0.44,1.2
2024-11-05,002890,11.0,11.01,11.18,10.73,16091,17682665.7,4.17,1.94,0.21,1.0
2024-11-06,002890,11.11,10.95,11.18,10.85,17843,19637826.2,3.0,-0.54,-0.06,1.1
2024-11-07,002890,10.9,11.05,11.07,10.87,13240,14575894.0,1.83,0.91,0.1,0.82
2024-11-08,002890,11.22,10.97,11.25,10.86,15073,16587623.8,3.53,-0.72,-0.08,0.93
2024-11-11,002890,10.88,11.08,11.15,10.87,14095,15528517.8,2.55,1.0,0.11,0.87
2024-11-12,002890,11.08,11.12,11.47,10.96,28769,32228290.3,4.6,0.36,0.04,1.78
2024-11-13,002890,11.17,11.3,11.39,11.02,24317,27266522.3,3.33,1.62,0.18,1.51
2024-11-14,002890,11.6,11.09,11.6,11.06,19328,21902100.0,4.78,-1.86,-0.21,1.2
2024-11-15,002890,11.04,11.02,11.34,10.93,17056,19014794.1,3.7,-0.63,-0.07,1.06
2024-11-18,002890,10.96,10.71,11.12,10.64,18492,20035163.2,4.36,-2.81,-0.31,1.15
2024-11-19,002890,10.64,10.99,10.99,10.64,12680,13744926.2,3.27,2.61,0.28,0.79
2024-11-20,002890,10.95,11.12,11.29,10.87,10749,11956941.8,3.82,1.18,0.13,0.67
2024-11-21,002890,11.18,11.18,11.28,11.04,9197,10280247.0,2.16,0.54,0.06,0.57
2024-11-22,002890,11.14,10.73,11.28,10.73,15197,16721085.7,4.92,-4.03,-0.45,0.94
2024-11-25,002890,10.69,11.17,11.34,10.69,25676,28525976.4,6.06,4.1,0.44,1.59
2024-11-26,002890,11.17,11.09,11.25,11.0,17461,19443541.1,2.24,-0.72,-0.08,1.08
2024-11-27,002890,10.98,11.11,11.11,10.67,14346,15608279.2,3.97,0.18,0.02,0.89
2024-11-28,002890,11.13,11.2,11.36,11.01,16277,18233485.3,3.15,0.81,0.09,1.01
2024-11-29,002890,11.22,11.34,11.44,11.17,18054,20468950.6,2.41,1.25,0.14,1.12
2024-12-02,002890,11.42,11.43,11.49,11.34,16546,18860270.2,1.32,0.79,0.09,1.02
2024-12-03,002890,11.44,11.43,11.49,11.27,13768,15688122.6,1.92,0.0,0.0,0.85
2024-12-04,002890,11.43,11.28,11.53,11.18,16744,18970969.4,3.06,-1.31,-0.15,1.04
2024-12-05,002890,11.34,11.29,11.43,11.22,13802,15602902.6,1.86,0.09,0.01,0.85
2024-12-06,002890,11.37,11.44,11.5,11.25,20078,22857507.7,2.21,1.33,0.15,1.24
2024-12-09,002890,11.45,11.7,11.8,11.35,23581,27277806.4,3.93,2.27,0.26,1.46
2024-12-10,002890,12.01,11.72,12.09,11.61,18906,22353359.3,4.1,0.17,0.02,1.17
2024-12-11,002890,11.73,11.64,11.79,11.55,10400,12123962.3,2.05,-0.68,-0.08,0.64
2024-12-12,002890,11.65,11.77,11.79,11.54,12912,15093909.0,2.15,1.12,0.13,0.8
2024-12-13,002890,11.74,11.77,11.97,11.67,17816,21043688.6,2.55,0.0,0.0,1.1
2024-12-16,002890,11.75,11.81,11.96,11.63,20904,24730782.0,2.8,0.34,0.04,1.29
2024-12-17,002890,11.85,11.06,11.98,10.98,25971,29318766.2,8.47,-6.35,-0.75,1.61
2024-12-18,002890,11.06,10.83,11.24,10.63,22792,24813281.9,5.52,-2.08,-0.23,1.41
2024-12-19,002890,10.69,10.88,10.88,10.58,15435,16537729.0,2.77,0.46,0.05,0.96
2024-12-20,002890,10.84,11.06,11.19,10.77,13305,14687062.7,3.86,1.65,0.18,0.82
2024-12-23,002890,11.06,10.24,11.18,10.11,23286,24462178.3,9.67,-7.41,-0.82,1.44
2024-12-24,002890,10.24,10.15,10.4,9.92,18633,18959678.5,4.69,-0.88,-0.09,1.15
2024-12-25,002890,10.06,9.78,10.18,9.52,21010,20501791.4,6.5,-3.65,-0.37,1.3
2024-12-26,002890,9.83,10.14,10.25,9.53,22694,22853751.6,7.36,3.68,0.36,1.41
2024-12-27,002890,10.14,10.3,10.41,10.09,12956,13323538.4,3.16,1.58,0.16,0.8
2024-12-30,002890,10.21,10.06,10.25,9.84,14867,14951399.7,3.98,-2.33,-0.24,0.92
2024-12-31,002890,10.08,9.86,10.17,9.81,16740,16644826.4,3.58,-1.99,-0.2,1.04
2025-01-02,002890,9.88,9.77,10.17,9.6,20390,20267596.1,5.78,-0.91,-0.09,1.26
2025-01-03,002890,9.76,9.23,9.89,9.05,26904,25290300.2,8.6,-5.53,-0.54,1.67
2025-01-06,002890,9.17,9.19,9.47,8.54,21584,19795545.5,10.08,-0.43,-0.04,1.34
2025-01-07,002890,9.26,9.76,9.77,9.16,26403,25227426.8,6.64,6.2,0.57,1.64
2025-01-08,002890,9.68,9.59,9.84,9.28,25255,24175126.0,5.74,-1.74,-0.17,1.56
2025-01-09,002890,9.58,9.62,9.77,9.44,13571,13052259.5,3.44,0.31,0.03,0.84
2025-01-10,002890,9.59,9.25,9.74,9.24,14171,13379662.6,5.2,-3.85,-0.37,0.88
2025-01-13,002890,9.3,9.37,9.46,8.9,14120,13048024.3,6.05,1.3,0.12,0.87
2025-01-14,002890,9.35,9.74,9.75,9.3,21769,20988623.4,4.8,3.95,0.37,1.35
2025-01-15,002890,9.78,9.72,9.84,9.62,18187,17709440.5,2.26,-0.21,-0.02,1.13
2025-01-16,002890,9.75,9.72,9.89,9.62,12506,12193708.4,2.78,0.0,0.0,0.77
2025-01-17,002890,9.63,9.72,9.8,9.6,10247,9940537.1,2.06,0.0,0.0,0.63
2025-01-20,002890,9.78,10.17,10.37,9.65,24685,24986070.4,7.41,4.63,0.45,1.53
2025-01-21,002890,10.37,10.07,10.37,9.89,17514,17614497.0,4.72,-0.98,-0.1,1.08
2025-01-22,002890,10.06,10.06,10.11,9.91,11370,11365196.3,1.99,-0.1,-0.01,0.7
2025-01-23,002890,10.12,10.14,10.28,10.07,14267,14521802.3,2.09,0.8,0.08,0.88
2025-01-24,002890,10.15,10.36,10.38,9.97,18320,18817502.6,4.04,2.17,0.22,1.13
2025-01-27,002890,10.38,10.4,10.59,10.25,13242,13794151.3,3.28,0.39,0.04,0.82
2025-02-05,002890,10.5,10.42,10.51,10.2,18266,18874862.7,2.98,0.19,0.02,1.13
2025-02-06,002890,10.37,10.39,10.51,10.25,18828,19597475.5,2.5,-0.29,-0.03,1.17
2025-02-07,002890,10.4,10.44,10.52,10.31,17424,18180230.5,2.02,0.48,0.05,1.08
2025-02-10,002890,10.42,10.63,10.65,10.37,13166,13866911.1,2.68,1.82,0.19,0.82
2025-02-11,002890,10.62,10.59,10.62,10.41,7615,8003180.4,1.98,-0.38,-0.04,0.47
2025-02-12,002890,10.54,10.6,10.66,10.51,8510,8998165.4,1.42,0.09,0.01,0.53
2025-02-13,002890,10.6,10.33,10.65,10.2,13521,14097158.4,4.25,-2.55,-0.27,0.84
2025-02-14,002890,10.43,10.44,10.58,10.31,13045,13629799.8,2.61,1.06,0.11,0.81
2025-02-17,002890,10.44,10.73,10.94,10.3,20857,22266484.5,6.13,2.78,0.29,1.29
2025-02-18,002890,10.7,10.37,10.74,10.31,16571,17434286.7,4.01,-3.36,-0.36,1.03
2025-02-19,002890,10.36,10.62,10.68,10.31,14228,15045484.2,3.57,2.41,0.25,0.88
2025-02-20,002890,10.65,10.78,10.82,10.53,11702,12500532.7,2.73,1.51,0.16,0.72
2025-02-21,002890,10.73,10.59,10.78,10.47,14529,15362126.6,2.88,-1.76,-0.19,0.9
2025-02-24,002890,10.83,10.72,11.06,10.59,29374,31562179.8,4.44,1.23,0.13,1.82
2025-02-25,002890,10.68,10.66,10.74,10.55,16856,17942362.4,1.77,-0.56,-0.06,1.04
2025-02-26,002890,10.73,10.67,10.82,10.59,13058,13977377.8,2.16,0.09,0.01,0.81
2025-02-27,002890,10.71,10.71,10.74,10.44,16374,17311877.4,2.81,0.37,0.04,1.01
2025-02-28,002890,10.69,10.31,10.72,10.26,16640,17374154.4,4.3,-3.73,-0.4,1.03
2025-03-03,002890,10.31,10.48,10.64,10.31,14576,15325346.6,3.2,1.65,0.17,0.9
2025-03-04,002890,10.39,10.78,10.8,10.37,16087,17188006.0,4.1,2.86,0.3,1.0
2025-03-05,002890,10.75,10.69,10.87,10.54,13017,13847786.5,3.06,-0.83,-0.09,0.81
2025-03-06,002890,10.74,10.72,10.82,10.56,13320,14292306.4,2.43,0.28,0.03,0.82
2025-03-07,002890,10.72,10.66,10.85,10.58,10609,11347024.3,2.52,-0.56,-0.06,0.66
2025-03-10,002890,10.67,10.78,10.9,10.67,15635,16857947.6,2.16,1.13,0.12,0.97
2025-03-11,002890,10.79,10.8,10.83,10.6,12054,12946594.9,2.13,0.19,0.02,0.75
2025-03-12,002890,10.79,10.84,10.93,10.78,15330,16640799.2,1.39,0.37,0.04,0.95
2025-03-13,002890,10.89,10.8,10.89,10.55,16868,18068613.1,3.14,-0.37,-0.04,1.04
2025-03-14,002890,10.78,10.94,11.0,10.59,19357,20900372.9,3.8,1.3,0.14,1.2
2025-03-17,002890,10.99,11.03,11.06,10.84,12881,14110355.6,2.01,0.82,0.09,0.8
2025-03-18,002890,11.07,11.29,11.29,11.03,21416,23975150.8,2.36,2.36,0.26,1.33
2025-03-19,002890,11.66,12.42,12.42,11.17,51552,62758340.9,11.07,10.01,1.13,3.19
2025-03-20,002890,12.11,12.69,13.6,11.82,187913,232901300.7,14.33,2.17,0.27,11.64
2025-03-21,002890,12.21,11.78,12.3,11.67,108877,129872678.2,4.96,-7.17,-0.91,6.74
2025-03-24,002890,11.69,11.21,11.81,10.95,78095,88669796.3,7.3,-4.84,-0.57,4.84
2025-03-25,002890,11.2,10.9,11.21,10.68,60333,65953223.5,4.73,-2.77,-0.31,3.74
2025-03-26,002890,10.8,11.23,11.27,10.71,47584,53009986.8,5.14,3.03,0.33,2.95
2025-03-27,002890,11.2,11.05,11.39,11.0,32569,36367215.8,3.47,-1.6,-0.18,2.02
2025-03-28,002890,11.05,10.8,11.21,10.77,28593,31178052.0,3.98,-2.26,-0.25,1.77
2025-03-31,002890,10.7,10.64,10.85,10.4,32375,34303142.7,4.17,-1.48,-0.16,2.0
2025-04-01,002890,10.65,10.89,11.03,10.65,32581,35556035.9,3.57,2.35,0.25,2.02
2025-04-02,002890,10.95,10.96,11.06,10.74,21753,23799090.4,2.94,0.64,0.07,1.35
2025-04-03,002890,10.9,10.83,11.06,10.59,20998,22728738.9,4.29,-1.19,-0.13,1.3
2025-04-07,002890,10.3,9.75,10.4,9.75,29531,29044286.5,6.0,-9.97,-1.08,1.83
2025-04-08,002890,9.76,10.73,10.73,9.4,52494,53503703.6,13.64,10.05,0.98,3.25
2025-04-09,002890,10.97,10.61,10.97,10.0,65274,68158061.5,9.04,-1.12,-0.12,4.04
2025-04-10,002890,10.71,10.64,10.85,10.51,63212,67690856.2,3.2,0.28,0.03,3.91
2025-04-11,002890,10.45,10.54,10.75,10.29,34766,36952410.9,4.32,-0.94,-0.1,2.15
2025-04-14,002890,10.6,10.73,10.82,10.6,32513,34839910.1,2.09,1.8,0.19,2.01
2025-04-15,002890,10.78,11.27,11.8,10.65,82312,93231412.4,10.72,5.03,0.54,5.1
2025-04-16,002890,11.31,11.1,11.55,10.94,58999,66088597.5,5.41,-1.51,-0.17,3.65
2025-04-17,002890,10.96,11.18,11.3,10.88,37866,42361659.0,3.78,0.72,0.08,2.34
2025-04-18,002890,11.14,11.22,11.29,10.94,31016,34587403.0,3.13,0.36,0.04,1.92
2025-04-21,002890,11.15,11.28,11.3,11.1,26222,29435294.0,1.78,0.53,0.06,1.62
2025-04-22,002890,11.3,11.44,11.74,11.29,38448,43969576.4,3.99,1.42,0.16,2.38
2025-04-23,002890,11.48,11.36,11.54,11.3,31699,36137255.1,2.1,-0.7,-0.08,1.96
2025-04-24,002890,11.39,11.38,11.42,11.12,32396,36592443.7,2.64,0.18,0.02,2.01
2025-04-25,002890,11.4,11.43,11.48,11.18,25962,29576758.3,2.64,0.44,0.05,1.61
2025-04-28,002890,11.43,11.63,11.98,11.36,66091,77142110.2,5.42,1.75,0.2,4.09
2025-04-29,002890,11.63,11.98,12.07,11.53,67554,80299144.9,4.64,3.01,0.35,4.18
2025-04-30,002890,11.88,11.78,11.97,11.63,36784,43121222.1,2.84,-1.67,-0.2,2.28
2025-05-06,002890,11.78,11.83,11.97,11.68,49089,57961821.0,2.46,0.42,0.05,3.04
2025-05-07,002890,11.91,12.01,12.05,11.8,51004,60809305.5,2.11,1.52,0.18,3.16
2025-05-08,002890,12.0,12.19,12.34,11.93,45745,55562091.2,3.41,1.5,0.18,2.83
2025-05-09,002890,12.19,12.21,12.43,12.06,37229,45439767.9,3.04,0.16,0.02,2.31
2025-05-12,002890,12.27,12.3,12.39,12.08,33715,41220254.2,2.54,0.74,0.09,2.09
2025-05-13,002890,12.31,12.12,12.4,12.1,27390,33341585.7,2.44,-1.46,-0.18,1.7
2025-05-14,002890,12.12,11.98,12.19,11.93,28227,33915311.0,2.15,-1.16,-0.14,1.75
2025-05-15,002890,12.1,12.13,12.18,11.89,25530,30775379.9,2.42,1.25,0.15,1.58
2025-05-16,002890,12.12,12.28,12.35,12.01,23565,28863925.5,2.8,1.24,0.15,1.46
2025-05-19,002890,12.3,12.63,12.73,12.25,40323,50404625.0,3.91,2.85,0.35,2.5
2025-05-20,002890,12.59,13.01,13.03,12.54,37606,48150622.3,3.88,3.01,0.38,2.33
2025-05-21,002890,12.94,12.87,12.99,12.78,23306,29999344.7,1.61,-1.08,-0.14,1.44
2025-05-22,002890,12.92,12.65,13.11,12.65,22786,29182630.4,3.57,-1.71,-0.22,1.41
2025-05-23,002890,12.76,12.54,12.89,12.47,23113,29242423.5,3.32,-0.87,-0.11,1.43
2025-05-26,002890,12.57,12.82,12.85,12.47,18265,23118248.0,3.03,2.23,0.28,1.13
2025-05-27,002890,12.8,12.85,12.89,12.62,18134,23185926.5,2.11,0.23,0.03,1.12
2025-05-28,002890,12.86,12.74,12.96,12.68,19130,24504895.9,2.18,-0.86,-0.11,1.18
2025-05-29,002890,12.68,12.86,12.94,12.68,16613,21351474.7,2.04,0.94,0.12,1.03
2025-05-30,002890,12.91,12.69,13.1,12.66,28376,36526905.2,3.42,-1.32,-0.17,1.76
2025-06-03,002890,12.8,12.8,12.86,12.55,16810,21442640.4,2.44,0.87,0.11,1.04
2025-06-04,002890,12.86,12.63,13.0,12.62,24372,31079179.2,2.97,-1.33,-0.17,1.51
2025-06-05,002890,12.64,12.76,12.83,12.53,19659,24993501.7,2.38,1.03,0.13,1.22
2025-06-06,002890,12.89,12.98,13.04,12.7,23559,30379379.7,2.66,1.72,0.22,1.46
2025-06-09,002890,12.98,13.09,13.5,12.92,20418,26808961.5,4.47,0.85,0.11,1.26
2025-06-10,002890,13.09,12.93,13.26,12.77,23428,30388763.7,3.74,-1.22,-0.16,1.45
2025-06-11,002890,12.93,13.23,13.3,12.93,23742,31282941.6,2.86,2.32,0.3,1.47
2025-06-12,002890,13.17,13.07,13.27,13.01,18945,24864023.2,1.97,-1.21,-0.16,1.17
2025-06-13,002890,12.98,12.86,13.14,12.78,24179,31193501.5,2.75,-1.61,-0.21,1.5
2025-06-16,002890,12.76,12.85,13.05,12.73,19935,25697727.1,2.49,-0.08,-0.01,1.23
2025-06-17,002890,12.85,12.84,12.94,12.68,14030,17932411.3,2.02,-0.08,-0.01,0.87
2025-06-18,002890,12.83,12.89,12.94,12.72,12002,15417630.8,1.71,0.39,0.05,0.74
2025-06-19,002890,12.89,12.52,13.0,12.51,16374,20785386.1,3.8,-2.87,-0.37,1.01
2025-06-20,002890,12.52,12.49,12.77,12.47,12287,15464062.4,2.4,-0.24,-0.03,0.76
2025-06-23,002890,12.32,12.51,12.87,12.32,20793,26223468.3,4.4,0.16,0.02,1.29
2025-06-24,002890,12.57,13.06,13.08,12.57,24779,32002971.4,4.08,4.4,0.55,1.53
2025-06-25,002890,13.09,13.26,13.49,13.05,29496,39135505.1,3.37,1.53,0.2,1.83
2025-06-26,002890,13.26,12.91,13.32,12.85,28301,36775137.2,3.54,-2.64,-0.35,1.75
2025-06-27,002890,13.01,13.11,13.2,12.9,23415,30574288.3,2.32,1.55,0.2,1.45
2025-06-30,002890,13.15,13.19,13.45,13.08,22149,29155549.5,2.82,0.61,0.08,1.37
2025-07-01,002890,13.19,13.15,13.31,12.98,20477,26865343.9,2.5,-0.3,-0.04,1.27
2025-07-02,002890,13.18,13.22,13.24,12.99,15209,19964880.1,1.9,0.53,0.07,0.94
2025-07-03,002890,13.28,13.38,13.44,13.1,19548,26060210.6,2.57,1.21,0.16,1.21
2025-07-04,002890,13.3,13.16,13.44,13.13,19381,25710305.9,2.32,-1.64,-0.22,1.2
2025-07-07,002890,13.2,13.24,13.4,13.1,18382,24274685.5,2.28,0.61,0.08,1.14
2025-07-08,002890,13.25,13.22,13.38,13.12,30574,40450367.6,1.96,-0.15,-0.02,1.89
2025-07-09,002890,13.21,13.22,13.26,13.13,12469,16442357.7,0.98,0.0,0.0,0.77
2025-07-10,002890,13.21,13.13,13.25,12.99,14020,18368837.4,1.97,-0.68,-0.09,0.87
2025-07-11,002890,13.14,13.04,13.29,12.92,19765,25786439.8,2.82,-0.69,-0.09,1.22
2025-07-14,002890,13.1,13.48,13.51,13.0,28583,38046831.1,3.91,3.37,0.44,1.77
2025-07-15,002890,13.52,13.35,13.52,13.11,25507,33890828.6,3.04,-0.96,-0.13,1.58
2025-07-16,002890,13.4,13.71,13.99,13.31,29201,39856242.5,5.09,2.7,0.36,1.81
2025-07-17,002890,13.72,13.43,13.78,13.34,25176,33941713.3,3.21,-2.04,-0.28,1.56
2025-07-18,002890,13.46,13.44,13.53,13.3,14670,19655746.5,1.71,0.07,0.01,0.91
2025-07-21,002890,13.51,13.66,13.72,13.41,23102,31465798.6,2.31,1.64,0.22,1.43
2025-07-22,002890,13.7,13.56,13.85,13.47,18995,25884059.0,2.78,-0.73,-0.1,1.18
2025-07-23,002890,13.56,13.57,13.66,13.39,17747,24006257.6,1.99,0.07,0.01,1.1
2025-07-24,002890,13.57,13.49,13.72,13.47,17751,24083502.2,1.84,-0.59,-0.08,1.1
2025-07-25,002890,13.53,13.82,13.95,13.38,32466,44326439.7,4.23,2.45,0.33,2.01
2025-07-28,002890,13.82,13.86,13.89,13.65,26759,36851400.6,1.74,0.29,0.04,1.66
2025-07-29,002890,13.91,13.61,13.92,13.56,23866,32604885.6,2.6,-1.8,-0.25,1.48
2025-07-30,002890,13.61,13.6,13.72,13.5,17571,23846532.9,1.62,-0.07,-0.01,1.09
2025-07-31,002890,13.65,13.4,13.71,13.31,25627,34536684.6,2.94,-1.47,-0.2,1.59
2025-08-01,002890,13.46,13.66,13.7,13.31,18772,25433241.4,2.91,1.94,0.26,1.16
2025-08-04,002890,13.66,13.68,13.77,13.57,22247,30469081.1,1.46,0.15,0.02,1.38
2025-08-05,002890,13.79,13.92,13.93,13.71,18789,26013389.7,1.61,1.75,0.24,1.16
2025-08-06,002890,13.97,14.1,14.11,13.77,15790,22083583.0,2.44,1.29,0.18,0.98
2025-08-07,002890,14.09,14.16,14.33,13.94,21018,29646647.9,2.77,0.43,0.06,1.3
2025-08-08,002890,14.16,14.3,14.35,14.0,16452,23332448.9,2.47,0.99,0.14,1.02
2025-08-11,002890,14.39,15.73,15.73,14.32,37486,57466938.1,9.86,10.0,1.43,2.32
2025-08-12,002890,16.0,15.71,16.27,15.05,163380,252293011.9,7.76,-0.13,-0.02,10.12
2025-08-13,002890,15.45,16.36,16.7,15.35,112942,183049728.8,8.59,4.14,0.65,6.99
2025-08-14,002890,16.0,15.8,16.19,15.6,72157,114303828.9,3.61,-3.42,-0.56,4.47
2025-08-15,002890,15.72,15.62,15.8,15.4,46134,72031746.3,2.53,-1.14,-0.18,2.86
2025-08-18,002890,15.8,15.31,15.85,15.22,49557,76429445.3,4.03,-1.98,-0.31,3.07
2025-08-19,002890,15.38,15.66,15.75,15.2,40594,63033804.0,3.59,2.29,0.35,2.51
2025-08-20,002890,15.65,15.66,15.75,15.41,26749,41789005.4,2.17,0.0,0.0,1.66
2025-08-21,002890,15.63,15.58,16.05,15.45,31563,49606398.1,3.83,-0.51,-0.08,1.95
2025-08-22,002890,15.53,15.4,15.75,15.35,30988,48025921.3,2.57,-1.16,-0.18,1.92
2025-08-25,002890,15.46,15.43,15.67,15.09,28365,43637759.2,3.77,0.19,0.03,1.76
2025-08-26,002890,15.36,15.32,15.47,15.2,20374,31255808.7,1.75,-0.71,-0.11,1.26
2025-08-27,002890,15.3,14.57,15.33,14.57,44404,66365323.0,4.96,-4.9,-0.75,2.75
2025-08-28,002890,14.72,14.89,15.05,14.23,31090,45628241.0,5.63,2.2,0.32,1.93
2025-08-29,002890,14.98,14.64,15.07,14.61,18598,27417213.0,3.09,-1.68,-0.25,1.15
2025-09-01,002890,14.8,14.92,15.18,14.62,25963,38813189.4,3.83,1.91,0.28,1.61
2025-09-02,002890,14.99,14.86,15.12,14.52,21896,32373528.4,4.02,-0.4,-0.06,1.36
2025-09-03,002890,14.84,14.5,15.12,14.44,12309,18089242.5,4.58,-2.42,-0.36,0.76
2025-09-04,002890,14.72,14.49,14.85,14.32,17351,25403725.0,3.66,-0.07,-0.01,1.07
2025-09-05,002890,14.62,14.73,14.79,14.42,12734,18693526.4,2.55,1.66,0.24,0.79
2025-09-08,002890,14.73,15.2,15.21,14.73,22004,33089282.3,3.26,3.19,0.47,1.36
2025-09-09,002890,15.07,14.99,15.63,14.9,22671,34408702.0,4.8,-1.38,-0.21,1.4
2025-09-10,002890,15.07,14.96,15.19,14.84,15129,22749607.3,2.33,-0.2,-0.03,0.94
2025-09-11,002890,14.94,15.13,15.15,14.75,16551,24835200.4,2.67,1.14,0.17,1.02
2025-09-12,002890,15.19,14.82,15.27,14.67,25639,38280263.0,3.97,-2.05,-0.31,1.59
2025-09-15,002890,14.71,14.68,14.85,14.51,22634,33201367.5,2.29,-0.94,-0.14,1.4
2025-09-16,002890,14.72,14.98,15.06,14.51,22359,33193738.1,3.75,2.04,0.3,1.38
2025-09-17,002890,15.04,15.15,15.26,14.92,17458,26344785.4,2.27,1.13,0.17,1.08
2025-09-18,002890,15.15,15.1,15.44,14.92,19527,29689177.1,3.43,-0.33,-0.05,1.21
2025-09-19,002890,15.09,15.14,15.26,14.97,14929,22551200.8,1.92,0.26,0.04,0.92
2025-09-22,002890,15.21,14.77,15.3,14.66,15321,22759282.4,4.23,-2.44,-0.37,0.95
2025-09-23,002890,14.77,14.58,14.81,14.0,21128,30190873.0,5.48,-1.29,-0.19,1.31
2025-09-24,002890,14.4,14.1,14.62,14.09,37707,53704558.0,3.64,-3.29,-0.48,2.34
2025-09-25,002890,14.05,13.88,14.14,13.65,29436,40895053.4,3.48,-1.56,-0.22,1.82
2025-09-26,002890,13.87,14.12,14.17,13.7,23522,32902903.4,3.39,1.73,0.24,1.46
2025-09-29,002890,14.1,13.99,14.2,13.83,16896,23664813.3,2.62,-0.92,-0.13,1.05
2025-09-30,002890,14.02,14.1,14.26,13.94,16989,23920404.0,2.29,0.79,0.11,1.05
2025-10-09,002890,14.51,14.49,15.08,14.31,28890,42461808.1,5.46,2.77,0.39,1.79
2025-10-10,002890,14.48,14.76,15.08,14.15,23809,35195280.7,6.42,1.86,0.27,1.47
2025-10-13,002890,14.36,14.92,15.0,14.09,24954,36713781.3,6.17,1.08,0.16,1.55
2025-10-14,002890,15.07,14.81,15.15,14.73,16892,25154428.0,2.82,-0.74,-0.11,1.05
2025-10-15,002890,14.72,14.91,14.96,14.66,12095,17968916.0,2.03,0.68,0.1,0.75
2025-10-16,002890,14.91,14.68,14.97,14.6,10937,16124370.9,2.48,-1.54,-0.23,0.68
2025-10-17,002890,14.68,14.47,14.79,14.43,13281,19335698.8,2.45,-1.43,-0.21,0.82
2025-10-20,002890,14.55,14.9,14.99,14.54,17704,26240696.0,3.11,2.97,0.43,1.1
2025-10-21,002890,14.93,14.92,14.97,14.71,15371,22798334.8,1.74,0.13,0.02,0.95
2025-10-22,002890,14.91,15.2,15.3,14.84,21276,32102707.3,3.08,1.88,0.28,1.32
2025-10-23,002890,15.2,15.08,15.2,14.92,12368,18624469.8,1.84,-0.79,-0.12,0.77
2025-10-24,002890,15.16,15.09,15.3,14.9,17714,26832677.0,2.65,0.07,0.01,1.1
2025-10-27,002890,15.08,15.13,15.36,14.86,15894,23938956.3,3.31,0.27,0.04,0.98
2025-10-28,002890,15.12,15.42,15.48,14.98,20946,32077643.9,3.3,1.92,0.29,1.3
2025-10-29,002890,15.51,15.13,15.6,15.11,18857,28815150.5,3.18,-1.88,-0.29,1.17
2025-10-30,002890,15.1,15.44,15.95,15.08,22688,35117450.4,5.75,2.05,0.31,1.4
2025-10-31,002890,15.5,15.6,15.8,15.35,17917,27945609.3,2.91,1.04,0.16,1.11
2025-11-03,002890,15.67,16.07,16.5,15.61,35451,57064899.4,5.71,3.01,0.47,2.2
2025-11-04,002890,15.94,16.03,16.13,15.79,21049,33551197.6,2.12,-0.25,-0.04,1.3
2025-11-05,002890,15.87,15.98,16.07,15.7,20589,32751960.8,2.31,-0.31,-0.05,1.27
2025-11-06,002890,15.98,15.89,16.01,15.59,25845,40727335.2,2.63,-0.56,-0.09,1.6
2025-11-07,002890,15.86,15.51,15.86,15.47,18654,29129367.4,2.45,-2.39,-0.38,1.16
2025-11-10,002890,15.65,15.48,15.78,15.36,17980,27924390.0,2.71,-0.19,-0.03,1.11
2025-11-11,002890,15.55,16.07,16.16,15.48,24465,38775997.3,4.39,3.81,0.59,1.52
2025-11-12,002890,16.01,15.6,16.24,15.55,22824,35951609.4,4.29,-2.92,-0.47,1.41
2025-11-13,002890,15.65,15.73,15.89,15.44,19527,30610138.3,2.88,0.83,0.13,1.21
2025-11-14,002890,15.82,15.85,16.0,15.74,17211,27315603.0,1.65,0.76,0.12,1.07
2025-11-17,002890,16.0,15.71,16.09,15.65,16336,25868952.4,2.78,-0.88,-0.14,1.01
2025-11-18,002890,15.79,15.9,15.99,15.45,17422,27422153.8,3.44,1.21,0.19,1.08
2025-11-19,002890,15.9,15.51,16.03,15.39,16530,25805770.4,4.03,-2.45,-0.39,1.02
2025-11-20,002890,15.56,15.55,15.75,15.36,14663,22753361.5,2.51,0.26,0.04,0.91
2025-11-21,002890,15.45,15.2,15.68,14.77,22252,33685084.4,5.85,-2.25,-0.35,1.38
2025-11-24,002890,15.29,15.15,15.45,15.02,18184,27673993.7,2.83,-0.33,-0.05,1.13
2025-11-25,002890,15.11,15.01,15.34,14.9,14370,21767616.8,2.9,-0.92,-0.14,0.89
2025-11-26,002890,15.01,14.76,15.08,14.67,19429,28883967.5,2.73,-1.67,-0.25,1.2
2025-11-27,002890,14.65,15.04,15.17,14.65,14989,22391455.9,3.52,1.9,0.28,0.93
2025-11-28,002890,15.0,15.26,15.3,14.74,13872,20886850.7,3.72,1.46,0.22,0.86
2025-12-01,002890,15.31,15.04,15.57,15.0,17053,26047048.8,3.74,-1.44,-0.22,1.06
2025-12-02,002890,15.07,15.11,15.32,14.9,20583,31092776.2,2.79,0.47,0.07,1.27
2025-12-03,002890,15.09,15.22,15.33,14.8,17986,27130476.0,3.51,0.73,0.11,1.11
2025-12-04,002890,15.17,14.79,15.2,14.78,13783,20563447.1,2.76,-2.83,-0.43,0.85
2025-12-05,002890,14.86,15.09,15.15,14.7,13786,20668949.0,3.04,2.03,0.3,0.85
2025-12-08,002890,15.2,15.07,15.2,14.85,18562,27878538.0,2.32,-0.13,-0.02,1.15
2025-12-09,002890,15.1,14.93,15.23,14.87,14731,22177020.0,2.39,-0.93,-0.14,0.91
2025-12-10,002890,14.93,14.9,15.15,14.77,20840,31111326.2,2.55,-0.2,-0.03,1.29
2025-12-11,002890,14.96,14.53,14.97,14.45,17154,25129858.8,3.49,-2.48,-0.37,1.06
2025-12-12,002890,14.58,14.64,15.23,14.38,29076,43234682.7,5.85,0.76,0.11,1.8
2025-12-15,002890,14.69,14.56,14.69,14.25,13994,20186501.2,3.01,-0.55,-0.08,0.87
2025-12-16,002890,14.5,14.12,14.55,14.09,15069,21493424.0,3.16,-3.02,-0.44,0.93
2025-12-17,002890,14.26,14.25,14.33,13.85,14758,20767786.9,3.4,0.92,0.13,0.91
2025-12-18,002890,14.26,14.36,14.61,14.08,16625,24022380.4,3.72,0.77,0.11,1.03
2025-12-19,002890,14.36,14.59,14.66,14.3,17109,24812028.2,2.51,1.6,0.23,1.06
2025-12-22,002890,14.66,14.54,14.77,14.46,14681,21422713.1,2.12,-0.34,-0.05,0.91
2025-12-23,002890,14.37,14.88,15.18,14.33,24668,36349192.1,5.85,2.34,0.34,1.53
2025-12-24,002890,14.79,14.82,15.14,14.6,23330,34808704.9,3.63,-0.4,-0.06,1.44
2025-12-25,002890,14.82,14.97,15.04,14.81,12535,18732133.8,1.55,1.01,0.15,0.78
2025-12-26,002890,15.09,14.84,15.1,14.72,13301,19767545.5,2.54,-0.87,-0.13,0.82
2025-12-29,002890,14.88,14.67,14.88,14.58,13643,20018868.0,2.02,-1.15,-0.17,0.84
2025-12-30,002890,14.66,14.73,14.88,14.54,13765,20249889.3,2.32,0.41,0.06,0.85
2025-12-31,002890,14.78,14.6,14.97,14.5,12479,18246576.3,3.19,-0.88,-0.13,0.77
2026-01-05,002890,14.67,14.56,14.96,14.51,22174,32769413.1,3.08,-0.27,-0.04,1.37
2026-01-06,002890,14.58,14.82,14.92,14.5,18401,27063860.4,2.88,1.79,0.26,1.14
2026-01-07,002890,14.82,14.62,14.86,14.51,13351,19526588.0,2.36,-1.35,-0.2,0.83
2026-01-08,002890,14.63,14.58,14.74,14.48,12888,18832479.3,1.78,-0.27,-0.04,0.8
2026-01-09,002890,14.57,14.6,14.7,14.41,18670,27235562.9,1.99,0.14,0.02,1.16
2026-01-12,002890,14.68,14.6,14.87,14.56,14765,21636954.6,2.12,0.0,0.0,0.91
2026-01-13,002890,14.64,14.69,14.85,14.48,21484,31650008.0,2.53,0.62,0.09,1.33
2026-01-14,002890,14.78,14.73,14.88,14.54,16176,23833607.8,2.31,0.27,0.04,1.0
2026-01-15,002890,14.6,15.0,15.27,14.5,26783,40041774.5,5.23,1.83,0.27,1.66
2026-01-16,002890,15.0,14.68,15.04,14.67,19430,28733367.9,2.47,-2.13,-0.32,1.2
2026-01-19,002890,14.67,14.91,15.0,14.6,19387,28753903.0,2.72,1.57,0.23,1.2
2026-01-20,002890,14.9,14.8,15.09,14.65,17520,26042465.0,2.95,-0.74,-0.11,1.08
2026-01-21,002890,14.73,16.28,16.28,14.68,48359,76445913.3,10.81,10.0,1.48,2.99
2026-01-22,002890,16.6,16.2,16.99,16.11,130118,214012223.5,5.41,-0.49,-0.08,8.06
2026-01-28,002890,16.56,16.86,17.38,16.43,38847,65482640.0,5.79,2.68,0.44,2.41
